stream,position,trap,date,identified,comment_1,comment_2,samples identified,number samples,noch zu bestimmen,% bestimmt
Russbach,up,1,22/03/18,y,no emergence,"samples stored afternoon 22/03 until morning 26/03 at -20 °C, afterwards at - 80 °C",1912,1918,6,99.69
Russbach,up,2,22/03/18,y,,"samples stored afternoon 22/03 until morning 26/03 at -20 °C, afterwards at - 80 °C",,,,
Russbach,down,1,22/03/18,y,"in vessel with black lid still in nitrogen, probably 2 Chironomidae","samples stored afternoon 22/03 until morning 26/03 at -20 °C, afterwards at - 80 °C",,,,
Russbach,down,2,22/03/18,y,,"samples stored afternoon 22/03 until morning 26/03 at -20 °C, afterwards at - 80 °C",,,,
Otterbach,up,1,22/03/18,y,,"samples stored afternoon 22/03 until morning 26/03 at -20 °C, afterwards at - 80 °C",,,,
Otterbach,up,2,22/03/18,y,,"samples stored afternoon 22/03 until morning 26/03 at -20 °C, afterwards at - 80 °C",,,,
Otterbach,down,1,22/03/18,y,no emergence,"samples stored afternoon 22/03 until morning 26/03 at -20 °C, afterwards at - 80 °C",,,,
Otterbach,down,2,22/03/18,y,,"samples stored afternoon 22/03 until morning 26/03 at -20 °C, afterwards at - 80 °C",,,,
Dierbach,up,1,22/03/18,y,,"samples stored afternoon 22/03 until morning 26/03 at -20 °C, afterwards at - 80 °C",,,,
Dierbach,up,2,22/03/18,y,no emergence,"samples stored afternoon 22/03 until morning 26/03 at -20 °C, afterwards at - 80 °C",,,,
Dierbach,down,1,22/03/18,y,no emergence,"samples stored afternoon 22/03 until morning 26/03 at -20 °C, afterwards at - 80 °C",,,,
Dierbach,down,2,22/03/18,y,no emergence,"samples stored afternoon 22/03 until morning 26/03 at -20 °C, afterwards at - 80 °C",,,,
Klingbach,up,1,22/03/18,y,,"samples stored afternoon 22/03 until morning 26/03 at -20 °C, afterwards at - 80 °C",,,,
Klingbach,up,2,22/03/18,y,,"samples stored afternoon 22/03 until morning 26/03 at -20 °C, afterwards at - 80 °C",,,,
Klingbach,down,1,22/03/18,y,no emergence,"samples stored afternoon 22/03 until morning 26/03 at -20 °C, afterwards at - 80 °C",,,,
Klingbach,down,2,22/03/18,y,no emergence,"samples stored afternoon 22/03 until morning 26/03 at -20 °C, afterwards at - 80 °C",,,,
Kaiserbach,up,1,22/03/18,y,no emergence,"samples stored afternoon 22/03 until morning 26/03 at -20 °C, afterwards at - 80 °C",,,,
Kaiserbach,up,2,22/03/18,y,no emergence,"samples stored afternoon 22/03 until morning 26/03 at -20 °C, afterwards at - 80 °C",,,,
Kaiserbach,down,1,22/03/18,y,,"samples stored afternoon 22/03 until morning 26/03 at -20 °C, afterwards at - 80 °C",,,,
Kaiserbach,down,2,22/03/18,y,,"samples stored afternoon 22/03 until morning 26/03 at -20 °C, afterwards at - 80 °C",,,,
Isenach,up,1,22/03/18,y,no emergence,"samples stored afternoon 22/03 until morning 26/03 at -20 °C, afterwards at - 80 °C",,,,
Isenach,up,2,22/03/18,y,no emergence,"samples stored afternoon 22/03 until morning 26/03 at -20 °C, afterwards at - 80 °C",,,,
Isenach,down,1,22/03/18,y,no emergence,"samples stored afternoon 22/03 until morning 26/03 at -20 °C, afterwards at - 80 °C",,,,
Isenach,down,2,22/03/18,y,,"samples stored afternoon 22/03 until morning 26/03 at -20 °C, afterwards at - 80 °C",,,,
Kropsbach,up,1,22/03/18,y,,"samples stored afternoon 22/03 until morning 26/03 at -20 °C, afterwards at - 80 °C",,,,
Kropsbach,up,2,22/03/18,y,,"samples stored afternoon 22/03 until morning 26/03 at -20 °C, afterwards at - 80 °C",,,,
Kropsbach,down,1,22/03/18,y,,"samples stored afternoon 22/03 until morning 26/03 at -20 °C, afterwards at - 80 °C",,,,
Kropsbach,down,2,22/03/18,y,,"samples stored afternoon 22/03 until morning 26/03 at -20 °C, afterwards at - 80 °C",,,,
Triefenbach,up,1,22/03/18,y,,"samples stored afternoon 22/03 until morning 26/03 at -20 °C, afterwards at - 80 °C",,,,
Triefenbach,up,2,22/03/18,y,,"samples stored afternoon 22/03 until morning 26/03 at -20 °C, afterwards at - 80 °C",,,,
Triefenbach,down,1,22/03/18,y,,"samples stored afternoon 22/03 until morning 26/03 at -20 °C, afterwards at - 80 °C",,,,
Triefenbach,down,2,22/03/18,y,no emergence,"samples stored afternoon 22/03 until morning 26/03 at -20 °C, afterwards at - 80 °C",,,,
Modenbach,up,1,22/03/18,y,no emergence,"samples stored afternoon 22/03 until morning 26/03 at -20 °C, afterwards at - 80 °C",,,,
Modenbach,up,2,22/03/18,y,,"samples stored afternoon 22/03 until morning 26/03 at -20 °C, afterwards at - 80 °C",,,,
Modenbach,down,1,22/03/18,y,,"samples stored afternoon 22/03 until morning 26/03 at -20 °C, afterwards at - 80 °C",,,,
Modenbach,down,2,22/03/18,y,no emergence,"samples stored afternoon 22/03 until morning 26/03 at -20 °C, afterwards at - 80 °C",,,,
Hainbach,up,1,22/03/18,y,no emergence,"samples stored afternoon 22/03 until morning 26/03 at -20 °C, afterwards at - 80 °C",,,,
Hainbach,up,2,22/03/18,y,no emergence,"samples stored afternoon 22/03 until morning 26/03 at -20 °C, afterwards at - 80 °C",,,,
Hainbach,down,1,22/03/18,y,,"samples stored afternoon 22/03 until morning 26/03 at -20 °C, afterwards at - 80 °C",,,,
Hainbach,down,2,22/03/18,y,,"samples stored afternoon 22/03 until morning 26/03 at -20 °C, afterwards at - 80 °C",,,,
Russbach,up,1,26/03/18,y,,,,,,
Russbach,up,2,26/03/18,y,,,,,,
Russbach,down,1,26/03/18,y,,,,,,
Russbach,down,2,26/03/18,y,,,,,,
Otterbach,up,1,26/03/18,y,,,,,,
Otterbach,up,2,26/03/18,y,,,,,,
Otterbach,down,1,26/03/18,y,,,,,,
Otterbach,down,2,26/03/18,y,,,,,,
Dierbach,up,1,26/03/18,y,,,,,,
Dierbach,up,2,26/03/18,y,,,,,,
Dierbach,down,1,26/03/18,y,,,,,,
Dierbach,down,2,26/03/18,y,,,,,,
Klingbach,up,1,26/03/18,y,,,,,,
Klingbach,up,2,26/03/18,y,,,,,,
Klingbach,down,1,26/03/18,y,,,,,,
Klingbach,down,2,26/03/18,y,,,,,,
Kaiserbach,up,1,26/03/18,y,,,,,,
Kaiserbach,up,2,26/03/18,y,,,,,,
Kaiserbach,down,1,26/03/18,y,,,,,,
Kaiserbach,down,2,26/03/18,y,,,,,,
Isenach,up,1,27/03/18,y,,,,,,
Isenach,up,2,27/03/18,y,,,,,,
Isenach,down,1,27/03/18,y,,,,,,
Isenach,down,2,27/03/18,y,,,,,,
Kropsbach,up,1,27/03/18,y,,,,,,
Kropsbach,up,2,27/03/18,y,,,,,,
Kropsbach,down,1,27/03/18,y,,,,,,
Kropsbach,down,2,27/03/18,y,,,,,,
Triefenbach,up,1,27/03/18,y,,,,,,
Triefenbach,up,2,27/03/18,y,,,,,,
Triefenbach,down,1,27/03/18,y,,,,,,
Triefenbach,down,2,27/03/18,y,,,,,,
Modenbach,up,1,27/03/18,y,,,,,,
Modenbach,up,2,27/03/18,y,,,,,,
Modenbach,down,1,27/03/18,y,,,,,,
Modenbach,down,2,27/03/18,y,,,,,,
Hainbach,up,1,27/03/18,y,,,,,,
Hainbach,up,2,27/03/18,y,,,,,,
Hainbach,down,1,27/03/18,y,,,,,,
Hainbach,down,2,27/03/18,y,,,,,,
Russbach,up,1,29/03/18,,Sample missing,,,,,
Russbach,up,2,29/03/18,y,,,,,,
Otterbach,up,1,29/03/18,y,,,,,,
Otterbach,up,2,29/03/18,y,,,,,,
Dierbach,up,1,29/03/18,y,,,,,,
Dierbach,up,2,29/03/18,y,,,,,,
Dierbach,down,1,29/03/18,y,,,,,,
Dierbach,down,2,29/03/18,y,,,,,,
Klingbach,up,1,29/03/18,y,,,,,,
Klingbach,up,2,29/03/18,y,,,,,,
Klingbach,down,1,29/03/18,y,,,,,,
Klingbach,down,2,29/03/18,y,,,,,,
Kaiserbach,up,1,29/03/18,y,,,,,,
Kaiserbach,up,2,29/03/18,y,,,,,,
Kaiserbach,down,1,29/03/18,y,,,,,,
Kaiserbach,down,2,29/03/18,y,,,,,,
Isenach,up,1,29/03/18,y,,,,,,
Isenach,up,2,29/03/18,y,,,,,,
Isenach,down,1,29/03/18,y,,,,,,
Isenach,down,2,29/03/18,y,,,,,,
Kropsbach,up,1,29/03/18,y,,,,,,
Kropsbach,up,2,29/03/18,y,,,,,,
Triefenbach,up,1,29/03/18,y,,,,,,
Triefenbach,up,2,29/03/18,y,,,,,,
Triefenbach,down,1,29/03/18,y,,,,,,
Triefenbach,down,2,29/03/18,y,,,,,,
Modenbach,up,1,29/03/18,y,,,,,,
Modenbach,up,2,29/03/18,y,,,,,,
Hainbach,up,1,29/03/18,y,,,,,,
Hainbach,up,2,29/03/18,y,,,,,,
Hainbach,down,1,29/03/18,y,,,,,,
Hainbach,down,2,29/03/18,y,,,,,,
Russbach,up,1,03/04/18,y,,,,,,
Russbach,up,2,03/04/18,y,,,,,,
Russbach,down,1,03/04/18,y,,,,,,
Otterbach,up,1,03/04/18,y,,,,,,
Otterbach,up,2,03/04/18,y,,,,,,
Otterbach,down,1,03/04/18,y,,,,,,
Otterbach,down,1,03/04/18,y,,,,,,
Dierbach,up,1,03/04/18,y,,,,,,
Dierbach,up,2,03/04/18,y,,,,,,
Dierbach,down,1,03/04/18,y,,,,,,
Dierbach,down,2,03/04/18,y,,,,,,
Klingbach,up,1,03/04/18,y,,,,,,
Klingbach,up,2,03/04/18,y,,,,,,
Klingbach,down,1,03/04/18,y,,,,,,
Klingbach,down,2,03/04/18,y,,,,,,
Kaiserbach,up,1,03/04/18,y,,,,,,
Kaiserbach,up,2,03/04/18,y,no emergence,,,,,
Kaiserbach,down,1,03/04/18,y,,,,,,
Kaiserbach,down,2,03/04/18,y,,,,,,
Isenach,up,1,03/04/18,y,,,,,,
Isenach,up,2,03/04/18,y,,,,,,
Isenach,down,1,03/04/18,y,,,,,,
Isenach,down,2,03/04/18,y,,,,,,
Kropsbach,up,1,03/04/18,y,,,,,,
Kropsbach,up,2,03/04/18,y,,,,,,
Triefenbach,up,1,03/04/18,y,,,,,,
Triefenbach,up,2,03/04/18,y,,,,,,
Triefenbach,down,1,03/04/18,y,,,,,,
Triefenbach,down,2,03/04/18,y,,,,,,
Modenbach,up,1,03/04/18,y,,,,,,
Modenbach,up,2,03/04/18,y,,,,,,
Modenbach,down,1,03/04/18,y,,,,,,
Hainbach,up,1,03/04/18,y,,,,,,
Hainbach,up,2,03/04/18,y,no emergence,,,,,
Hainbach,down,1,03/04/18,y,,,,,,
Hainbach,down,2,03/04/18,y,,,,,,
Russbach,up,1,06/04/18,y,,,,,,
Russbach,up,2,06/04/18,y,,,,,,
Russbach,down,1,06/04/18,y,,,,,,
Russbach,down,2,06/04/18,y,,,,,,
Otterbach,up,1,06/04/18,y,,,,,,
Otterbach,up,2,06/04/18,y,,,,,,
Otterbach,down,1,06/04/18,y,,,,,,
Otterbach,down,2,06/04/18,y,,,,,,
Dierbach,up,1,06/04/18,y,,,,,,
Dierbach,up,2,06/04/18,y,,,,,,
Dierbach,down,1,06/04/18,y,,,,,,
Dierbach,down,2,06/04/18,y,,,,,,
Klingbach,up,1,06/04/18,y,,,,,,
Klingbach,up,2,06/04/18,y,,,,,,
Klingbach,down,1,06/04/18,y,,,,,,
Klingbach,down,2,06/04/18,y,,,,,,
Kaiserbach,up,1,06/04/18,y,,,,,,
Kaiserbach,up,2,06/04/18,y,,,,,,
Kaiserbach,down,1,06/04/18,y,,,,,,
Kaiserbach,down,2,06/04/18,y,,,,,,
Isenach,up,1,06/04/18,y,,,,,,
Isenach,up,2,06/04/18,y,,,,,,
Isenach,down,1,06/04/18,y,,,,,,
Isenach,down,2,06/04/18,y,,,,,,
Kropsbach,up,1,06/04/18,y,,,,,,
Kropsbach,up,2,06/04/18,y,,,,,,
Triefenbach,up,1,06/04/18,y,,,,,,
Triefenbach,up,2,06/04/18,y,,,,,,
Triefenbach,down,1,06/04/18,y,,,,,,
Triefenbach,down,2,06/04/18,y,,,,,,
Modenbach,up,1,06/04/18,y,,,,,,
Modenbach,up,2,06/04/18,y,,,,,,
Modenbach,down,1,06/04/18,y,,,,,,
Modenbach,down,2,06/04/18,y,,,,,,
Hainbach,up,1,06/04/18,y,,,,,,
Hainbach,up,2,06/04/18,y,,,,,,
Hainbach,down,1,06/04/18,y,,,,,,
Hainbach,down,2,06/04/18,y,,,,,,
Russbach,up,1,09/04/18,y,zwei Label mit up 1; ID 1893 - 1894 bleibt down 1; ID 181895 - 1897  in Tabelle in up 2 geändert,,,,,
Russbach,up,2,09/04/18,y,,,,,,
Russbach,down,1,09/04/18,y,zwei Label mit down 1; ID 1856-1857 bleibt down 1; ID 1876 - 1879  in Tabelle in down 2 geändert,,,,,
Russbach,down,2,09/04/18,y,"Labell down 1, aber in down 2 in Tabelle geändert",,,,,
Otterbach,up,1,09/04/18,y,,,,,,
Otterbach,up,2,09/04/18,y,,,,,,
Otterbach,down,1,09/04/18,y,,,,,,
Otterbach,down,2,09/04/18,y,,,,,,
Dierbach,up,1,09/04/18,y,,,,,,
Dierbach,up,2,09/04/18,y,,,,,,
Dierbach,down,1,09/04/18,y,,,,,,
Dierbach,down,2,09/04/18,y,,,,,,
Klingbach,up,1,09/04/18,y,,,,,,
Klingbach,up,2,09/04/18,y,,,,,,
Klingbach,down,1,09/04/18,y,,,,,,
Klingbach,down,2,09/04/18,y,,,,,,
Kaiserbach,up,1,09/04/18,y,,,,,,
Kaiserbach,up,2,09/04/18,y,,,,,,
Kaiserbach,down,1,09/04/18,y,zwei Label mit down 1; ID 1858 - 1860 bleibt down 1; ID 1874 - 1875 wird in Tabelle in down 2 geändert,,,,,
Kaiserbach,down,2,09/04/18,y,,,,,,
Isenach,up,1,09/04/18,y,,,,,,
Isenach,up,2,09/04/18,y,,,,,,
Isenach,down,1,09/04/18,y,,,,,,
Isenach,down,2,09/04/18,y,,,,,,
Kropsbach,up,1,09/04/18,y,,,,,,
Kropsbach,up,2,09/04/18,y,,,,,,
Kropsbach,down,1,09/04/18,y,,,,,,
Kropsbach,down,2,09/04/18,y,,,,,,
Triefenbach,up,1,09/04/18,y,,,,,,
Triefenbach,up,2,09/04/18,y,,,,,,
Triefenbach,down,1,09/04/18,y,,,,,,
Triefenbach,down,2,09/04/18,y,,,,,,
Modenbach,up,1,09/04/18,y,,,,,,
Modenbach,up,2,09/04/18,y,,,,,,
Modenbach,down,1,09/04/18,y,,,,,,
Modenbach,down,2,09/04/18,y,,,,,,
Hainbach,up,1,09/04/18,y,,,,,,
Hainbach,up,2,09/04/18,y,,,,,,
Hainbach,down,1,09/04/18,y,,,,,,
Hainbach,down,2,09/04/18,y,,,,,,
Russbach,up,1,12/04/18,y,,,,,,
Russbach,up,2,12/04/18,y,,,,,,
Russbach,down,1,12/04/18,y,,,,,,
Russbach,down,2,12/04/18,y,zwei label mit down 2; ID 1982 - 1984 bleibt down 2; ID 1991 - 1993 in Tabelle in down 1 geändert,,,,,
Otterbach,up,1,12/04/18,y,,,,,,
Otterbach,up,2,12/04/18,y,,,,,,
Otterbach,down,1,12/04/18,y,,,,,,
Otterbach,down,2,12/04/18,y,,,,,,
Dierbach,up,1,12/04/18,y,,,,,,
Dierbach,up,2,12/04/18,y,,,,,,
Dierbach,down,1,12/04/18,y,,,,,,
Dierbach,down,2,12/04/18,y,,,,,,
Klingbach,up,1,12/04/18,y,,,,,,
Klingbach,up,2,12/04/18,y,,,,,,
Klingbach,down,1,12/04/18,y,,,,,,
Klingbach,down,2,12/04/18,,Sample missing,,,,,
Kaiserbach,up,1,12/04/18,y,,,,,,
Kaiserbach,up,2,12/04/18,y,,,,,,
Kaiserbach,down,1,12/04/18,y,,,,,,
Kaiserbach,down,2,12/04/18,y,,,,,,
Isenach,up,1,12/04/18,y,,,,,,
Isenach,up,2,12/04/18,y,,,,,,
Isenach,down,1,12/04/18,y,,,,,,
Isenach,down,2,12/04/18,y,,,,,,
Kropsbach,up,1,12/04/18,y,,,,,,
Kropsbach,up,2,12/04/18,y,,,,,,
Kropsbach,down,1,12/04/18,y,,,,,,
Kropsbach,down,2,12/04/18,y,,,,,,
Triefenbach,up,1,12/04/18,y,,,,,,
Triefenbach,up,2,12/04/18,y,,,,,,
Triefenbach,down,1,12/04/18,y,,,,,,
Triefenbach,down,2,12/04/18,y,,,,,,
Modenbach,up,1,12/04/18,y,,,,,,
Modenbach,up,2,12/04/18,y,,,,,,
Modenbach,down,1,12/04/18,y,,,,,,
Modenbach,down,2,12/04/18,y,,,,,,
Hainbach,up,1,12/04/18,y,,,,,,
Hainbach,up,2,12/04/18,y,,,,,,
Hainbach,down,1,12/04/18,y,,,,,,
Hainbach,down,2,12/04/18,y,,,,,,
Russbach,up,1,16/04/18,y,"labelled as Isenach up 1, 18.04.18",,,,,
Russbach,up,2,16/04/18,y,"labelled as Isenach up 2, 18.04.18",,,,,
Russbach,down,1,16/04/18,y,"labelled as Isenach down 1, 18.04.18",,,,,
Russbach,down,2,16/04/18,y,"labelled as Isenach down 2, 18.04.18",,,,,
Otterbach,up,1,16/04/18,y,labelled as 18.04.18,,,,,
Otterbach,up,2,16/04/18,y,labelled as 18.04.18,,,,,
Otterbach,down,1,16/04/18,y,labelled as 18.04.18,,,,,
Otterbach,down,2,16/04/18,y,labelled as 18.04.18,,,,,
Dierbach,up,1,16/04/18,y,labelled as 18.04.18,,,,,
Dierbach,up,2,16/04/18,y,labelled as 18.04.18,,,,,
Dierbach,down,1,16/04/18,y,labelled as 18.04.18,,,,,
Dierbach,down,2,16/04/18,y,labelled as 18.04.18,,,,,
Klingbach,up,1,16/04/18,y,labelled as 18.04.18,,,,,
Klingbach,up,2,16/04/18,y,labelled as 18.04.18,,,,,
Klingbach,down,1,16/04/18,y,labelled as 18.04.18,,,,,
Klingbach,down,2,16/04/18,y,labelled as 18.04.18,,,,,
Kaiserbach,up,1,16/04/18,y,labelled as 18.04.18,,,,,
Kaiserbach,up,2,16/04/18,y,labelled as 18.04.18,,,,,
Kaiserbach,down,1,16/04/18,y,labelled as 18.04.18,,,,,
Isenach,up,1,16/04/18,y,"labelled as Russbach up 1, 18.04.18",,,,,
Isenach,up,2,16/04/18,y,"labelled as Russbach up 2, 18.04.18",,,,,
Isenach,down,1,16/04/18,y,"labelled as Russbach down 1, 18.04.18",,,,,
Isenach,down,2,16/04/18,y,"labelled as Russbach down 2, 18.04.18",,,,,
Triefenbach,up,1,16/04/18,y,labelled as 18.04.18,,,,,
Triefenbach,up,2,16/04/18,y,labelled as 18.04.18,,,,,
Triefenbach,down,1,16/04/18,y,labelled as 18.04.18,,,,,
Triefenbach,down,2,16/04/18,y,labelled as 18.04.18,,,,,
Modenbach,up,1,16/04/18,y,labelled as 18.04.18,,,,,
Modenbach,up,2,16/04/18,y,labelled as 18.04.18,,,,,
Hainbach,up,1,16/04/18,y,labelled as 18.04.18,,,,,
Hainbach,up,2,16/04/18,y,labelled as 18.04.18,,,,,
Russbach,up,1,19/04/18,y,,,,,,
Russbach,up,2,19/04/18,y,,,,,,
Russbach,down,1,19/04/18,y,,,,,,
Russbach,down,2,19/04/18,y,,,,,,
Otterbach,up,1,19/04/18,y,,,,,,
Otterbach,up,2,19/04/18,y,,,,,,
Otterbach,down,1,19/04/18,y,,,,,,
Otterbach,down,2,19/04/18,y,,,,,,
Dierbach,up,1,19/04/18,y,,,,,,
Dierbach,up,2,19/04/18,y,,,,,,
Dierbach,down,1,19/04/18,y,,,,,,
Dierbach,down,2,19/04/18,y,,,,,,
Klingbach,up,1,19/04/18,y,,,,,,
Klingbach,up,2,19/04/18,y,,,,,,
Klingbach,down,1,19/04/18,y,,,,,,
Klingbach,down,2,19/04/18,y,,,,,,
Kaiserbach,up,1,19/04/18,y,,,,,,
Kaiserbach,up,2,19/04/18,y,,,,,,
Kaiserbach,down,1,19/04/18,y,,,,,,
Kaiserbach,down,2,19/04/18,y,,,,,,
Isenach,up,1,19/04/18,y,,,,,,
Isenach,up,2,19/04/18,y, als Isen up 3 gelabelt,,,,,
Isenach,down,1,19/04/18,y,,,,,,
Isenach,down,2,19/04/18,y,,,,,,
Kropsbach,up,1,19/04/18,y,,,,,,
Kropsbach,up,2,19/04/18,y,labelled als Isen up 2,,,,,
Kropsbach,down,1,19/04/18,y,,,,,,
Kropsbach,down,2,19/04/18,y,,,,,,
Triefenbach,up,1,19/04/18,y,,,,,,
Triefenbach,up,2,19/04/18,y,,,,,,
Triefenbach,down,1,19/04/18,y,,,,,,
Triefenbach,down,2,19/04/18,y,,,,,,
Modenbach,up,1,19/04/18,y,,,,,,
Modenbach,up,2,19/04/18,y,,,,,,
Modenbach,down,1,19/04/18,y,,,,,,
Modenbach,down,2,19/04/18,y,,,,,,
Hainbach,up,1,19/04/18,y,,,,,,
Hainbach,up,2,19/04/18,y,,,,,,
Hainbach,down,1,19/04/18,y,,,,,,
Hainbach,down,2,19/04/18,y,"2 samples so gelabeled, ID 217 - 222 bleibt down 2; ID 263 - 267 in Tabelle in down 1 geändert",,,,,
Russbach,up,1,23/04/18,y,,,,,,
Russbach,up,2,23/04/18,y,,,,,,
Russbach,down,1,23/04/18,y,,,,,,
Russbach,down,2,23/04/18,y,,,,,,
Otterbach,up,1,23/04/18,y,,,,,,
Otterbach,up,2,23/04/18,y,,,,,,
Otterbach,down,1,23/04/18,y,,,,,,
Otterbach,down,2,23/04/18,y,,,,,,
Dierbach,up,1,23/04/18,y,,,,,,
Dierbach,up,2,23/04/18,y,,,,,,
Dierbach,down,1,23/04/18,y,,,,,,
Dierbach,down,2,23/04/18,y,,,,,,
Klingbach,up,1,23/04/18,y,,,,,,
Klingbach,up,2,23/04/18,y,,,,,,
Klingbach,down,1,23/04/18,y,,,,,,
Klingbach,down,2,23/04/18,y,,,,,,
Kaiserbach,up,1,23/04/18,y,,,,,,
Kaiserbach,up,2,23/04/18,y,,,,,,
Kaiserbach,down,1,23/04/18,y,,,,,,
Kaiserbach,down,2,23/04/18,y,,,,,,
Isenach,up,1,23/04/18,y,,,,,,
Isenach,up,2,23/04/18,y,,,,,,
Isenach,down,1,23/04/18,y,,,,,,
Isenach,down,2,23/04/18,y,,,,,,
Kropsbach,up,1,23/04/18,y,,,,,,
Kropsbach,up,2,23/04/18,y,,,,,,
Kropsbach,down,1,23/04/18,y,,,,,,
Kropsbach,down,2,23/04/18,y,,,,,,
Triefenbach,up,1,23/04/18,y,,,,,,
Triefenbach,up,2,23/04/18,y,,,,,,
Triefenbach,down,1,23/04/18,y,,,,,,
Triefenbach,down,2,23/04/18,y,,,,,,
Modenbach,up,1,23/04/18,y,,,,,,
Modenbach,up,2,23/04/18,y,,,,,,
Modenbach,down,1,23/04/18,y,Eppi hinter Gefriertruhe gefallen und beim Versuch es da wieder raus zu wurschteln ist es aufgegangen und die Emergenz komplett rausgefallen unter die Truhen…,,,,,
Modenbach,down,2,23/04/18,y,2 und 2.1 bestimmt,,,,,
Hainbach,up,1,23/04/18,y,Kein 1 oder 2 stand dabei auf label,,,,,
Hainbach,up,2,23/04/18,y,Kein 1 oder 2 stand dabei auf label,,,,,
Hainbach,down,1,23/04/18,y,Kein 1 oder 2 stand dabei auf label,,,,,
Hainbach,down,2,23/04/18,y,Kein 1 oder 2 stand dabei auf label,,,,,
Russbach,up,1,26/04/18,y,,,,,,
Russbach,up,2,26/04/18,y,,,,,,
Russbach,down,1,26/04/18,y,,,,,,
Russbach,down,2,26/04/18,y,,,,,,
Otterbach,up,1,26/04/18,y,,,,,,
Otterbach,up,2,26/04/18,y,,,,,,
Otterbach,down,1,26/04/18,y,,,,,,
Otterbach,down,2,26/04/18,y,,,,,,
Dierbach,up,1,26/04/18,y,,,,,,
Dierbach,up,2,26/04/18,y,,,,,,
Dierbach,down,1,26/04/18,y,,,,,,
Dierbach,down,2,26/04/18,y,no emergence,,,,,
Klingbach,up,1,26/04/18,y,,,,,,
Klingbach,up,2,26/04/18,y,,,,,,
Klingbach,down,1,26/04/18,y,,,,,,
Klingbach,down,2,26/04/18,y,,,,,,
Kaiserbach,up,1,26/04/18,y,,,,,,
Kaiserbach,up,2,26/04/18,y,,,,,,
Kaiserbach,down,1,26/04/18,y,,,,,,
Kaiserbach,down,2,26/04/18,,Sample missing,,,,,
Isenach,up,1,26/04/18,y,,,,,,
Isenach,up,2,26/04/18,y,,,,,,
Isenach,down,1,26/04/18,y,,,,,,
Isenach,down,2,26/04/18,y,,,,,,
Kropsbach,up,1,26/04/18,y,,,,,,
Kropsbach,up,2,26/04/18,y,,,,,,
Kropsbach,down,1,26/04/18,y,Krobs down 1 und 1.2 bestimmt,,,,,
Kropsbach,down,2,26/04/18,y,,,,,,
Triefenbach,up,1,26/04/18,y,,,,,,
Triefenbach,up,2,26/04/18,y,,,,,,
Triefenbach,down,1,26/04/18,y,,,,,,
Triefenbach,down,2,26/04/18,y,,,,,,
Modenbach,up,1,26/04/18,y,,,,,,
Modenbach,up,2,26/04/18,y,,,,,,
Modenbach,down,1,26/04/18,y,,,,,,
Modenbach,down,2,26/04/18,y,,,,,,
Hainbach,up,1,26/04/18,y,,,,,,
Hainbach,up,2,26/04/18,y,no emergence,,,,,
Russbach,up,1,30/04/18,y,,,,,,
Russbach,up,2,30/04/18,y,,,,,,
Russbach,down,1,30/04/18,y,,,,,,
Russbach,down,2,30/04/18,y,,,,,,
Otterbach,up,1,30/04/18,y,,,,,,
Otterbach,up,2,30/04/18,y,,,,,,
Otterbach,down,1,30/04/18,y,,,,,,
Otterbach,down,2,30/04/18,y,,,,,,
Dierbach,up,1,30/04/18,y,,,,,,
Dierbach,up,2,30/04/18,y,,,,,,
Dierbach,down,1,30/04/18,y,,,,,,
Dierbach,down,2,30/04/18,y,,,,,,
Klingbach,up,1,30/04/18,y,,,,,,
Klingbach,up,2,30/04/18,y,,,,,,
Klingbach,down,1,30/04/18,y,,,,,,
Klingbach,down,2,30/04/18,y,,,,,,
Kaiserbach,up,1,30/04/18,y,,,,,,
Kaiserbach,up,2,30/04/18,y,,,,,,
Kaiserbach,down,1,30/04/18,y,,,,,,
Kaiserbach,down,2,30/04/18,y,,,,,,
Isenach,up,1,30/04/18,y,,,,,,
Isenach,up,2,30/04/18,y,,,,,,
Isenach,down,1,30/04/18,y,,,,,,
Isenach,down,2,30/04/18,y,,,,,,
Kropsbach,up,1,30/04/18,y,,,,,,
Kropsbach,up,2,30/04/18,y,,,,,,
Kropsbach,down,1,30/04/18,y,,,,,,
Kropsbach,down,2,30/04/18,y,,,,,,
Triefenbach,up,1,30/04/18,y,,,,,,
Triefenbach,up,2,30/04/18,y,,,,,,
Triefenbach,down,1,30/04/18,y,,,,,,
Triefenbach,down,2,30/04/18,y,,,,,,
Modenbach,up,1,30/04/18,y,,,,,,
Modenbach,up,2,30/04/18,y,,,,,,
Modenbach,down,1,30/04/18,y,,,,,,
Modenbach,down,2,30/04/18,y,,,,,,
Hainbach,up,1,30/04/18,y,,,,,,
Hainbach,up,2,30/04/18,y,,,,,,
Hainbach,down,1,30/04/18,y,,,,,,
Hainbach,down,2,30/04/18,y,,,,,,
Modenbach,up,1,02/05/18,y,,,,,,
Modenbach,up,2,02/05/18,y,,,,,,
Russbach,up,1,03/05/18,y,,,,,,
Russbach,up,2,03/05/18,y,,,,,,
Russbach,down,1,03/05/18,y,,,,,,
Russbach,down,2,03/05/18,y,,,,,,
Otterbach,up,1,03/05/18,y,,,,,,
Otterbach,up,2,03/05/18,y,,,,,,
Otterbach,down,1,03/05/18,y,,,,,,
Otterbach,down,2,03/05/18,y,no emergence,,,,,
Dierbach,up,1,03/05/18,y,,,,,,
Dierbach,up,2,03/05/18,y,,,,,,
Dierbach,down,1,03/05/18,y,,,,,,
Dierbach,down,2,03/05/18,y,,,,,,
Klingbach,up,1,03/05/18,y,,,,,,
Klingbach,up,2,03/05/18,y,,,,,,
Klingbach,down,1,03/05/18,y,"andere falle durch hexennacht kaputt, so dass keine emergenz sammelbar",,,,,
Kaiserbach,up,1,03/05/18,y,,,,,,
Kaiserbach,up,2,03/05/18,y,,,,,,
Kaiserbach,down,1,03/05/18,y,,,,,,
Kaiserbach,down,2,03/05/18,y,,,,,,
Isenach,up,1,03/05/18,y,,,,,,
Isenach,up,2,03/05/18,y,,,,,,
Isenach,down,1,03/05/18,y,,,,,,
Isenach,down,2,03/05/18,y,,,,,,
Kropsbach,up,1,03/05/18,y,,,,,,
Kropsbach,up,2,03/05/18,y,,,,,,
Kropsbach,down,1,03/05/18,y,,,,,,
Kropsbach,down,2,03/05/18,y,,,,,,
Triefenbach,up,1,03/05/18,y,,,,,,
Triefenbach,up,2,03/05/18,y,,,,,,
Triefenbach,down,1,03/05/18,y,,,,,,
Triefenbach,down,2,03/05/18,y,,,,,,
Modenbach,up,1,03/05/18,y,,,,,,
Modenbach,up,2,03/05/18,y,,,,,,
Modenbach,down,1,03/05/18,y,,,,,,
Modenbach,down,2,03/05/18,y,,,,,,
Hainbach,up,1,03/05/18,y,,,,,,
Hainbach,up,2,03/05/18,y,no emergence,,,,,
Hainbach,down,1,03/05/18,y,,,,,,
Hainbach,down,2,03/05/18,y,,,,,,
Russbach,up,1,07/05/18,y,,,,,,
Russbach,up,2,07/05/18,y,,,,,,
Russbach,down,1,07/05/18,y,,,,,,
Russbach,down,2,07/05/18,y,,,,,,
Otterbach,up,1,07/05/18,y,,,,,,
Otterbach,up,2,07/05/18,y,,,,,,
Otterbach,down,1,07/05/18,y,,,,,,
Otterbach,down,2,07/05/18,y,,,,,,
Dierbach,up,1,07/05/18,y,,,,,,
Dierbach,up,2,07/05/18,y,,,,,,
Dierbach,down,1,07/05/18,y,,,,,,
Dierbach,down,2,07/05/18,y,2 und 2.1 bestimmt,,,,,
Klingbach,up,1,07/05/18,y,,,,,,
Klingbach,up,2,07/05/18,y,,,,,,
Klingbach,down,1,07/05/18,y,,,,,,
Klingbach,down,2,07/05/18,y,,,,,,
Kaiserbach,up,1,07/05/18,y,,,,,,
Kaiserbach,up,2,07/05/18,y,,,,,,
Kaiserbach,down,1,07/05/18,y,,,,,,
Kaiserbach,down,2,07/05/18,y,,,,,,
Isenach,up,1,07/05/18,y,,,,,,
Isenach,up,2,07/05/18,y,,,,,,
Isenach,down,1,07/05/18,y,,,,,,
Isenach,down,2,07/05/18,y,,,,,,
Kropsbach,up,1,07/05/18,y,,,,,,
Kropsbach,up,2,07/05/18,y,,,,,,
Kropsbach,down,1,07/05/18,y,,,,,,
Kropsbach,down,2,07/05/18,y,,,,,,
Triefenbach,up,1,07/05/18,y,,,,,,
Triefenbach,up,2,07/05/18,y,,,,,,
Triefenbach,down,1,07/05/18,y,,,,,,
Triefenbach,down,2,07/05/18,y,,,,,,
Modenbach,up,1,07/05/18,y,,,,,,
Modenbach,up,2,07/05/18,y,,,,,,
Modenbach,down,1,07/05/18,y,,,,,,
Modenbach,down,2,07/05/18,y,,,,,,
Hainbach,up,1,07/05/18,y,labelled as Hain down 1,,,,,
Hainbach,up,2,07/05/18,y,labelled as Hain down 2,,,,,
Hainbach,down,1,07/05/18,y,labelled as Hain up 1,,,,,
Hainbach,down,2,07/05/18,y,labelled as Hain up 2,,,,,
Russbach,up,1,10/05/18,y,,,,,,
Russbach,up,2,10/05/18,y,,,,,,
Russbach,down,1,10/05/18,y,,,,,,
Russbach,down,2,10/05/18,y,,,,,,
Otterbach,up,1,10/05/18,y,,,,,,
Otterbach,up,2,10/05/18,y,,,,,,
Otterbach,down,1,10/05/18,y,,,,,,
Otterbach,down,2,10/05/18,y,,,,,,
Dierbach,up,1,10/05/18,y,Dier up 1 und 1.1 bestimmt,,,,,
Dierbach,up,2,10/05/18,y,,,,,,
Dierbach,down,1,10/05/18,y,Dier down 1 zweimal XEppi damit beschriftet,,,,,
Dierbach,down,2,10/05/18,y,,,,,,
Klingbach,up,1,10/05/18,y,,,,,,
Klingbach,up,2,10/05/18,y,,,,,,
Klingbach,down,1,10/05/18,y,,,,,,
Klingbach,down,2,10/05/18,y,,,,,,
Kaiserbach,up,1,10/05/18,y,,,,,,
Kaiserbach,up,2,10/05/18,y,,,,,,
Kaiserbach,down,1,10/05/18,y,,,,,,
Kaiserbach,down,2,10/05/18,y,,,,,,
Isenach,up,1,10/05/18,y,,,,,,
Isenach,up,2,10/05/18,y,,,,,,
Isenach,down,1,10/05/18,y,,,,,,
Isenach,down,2,10/05/18,y,,,,,,
Kropsbach,up,1,10/05/18,y,,,,,,
Kropsbach,up,2,10/05/18,y,,,,,,
Kropsbach,down,1,10/05/18,y,,,,,,
Kropsbach,down,2,10/05/18,y,,,,,,
Triefenbach,up,1,10/05/18,y,,,,,,
Triefenbach,up,2,10/05/18,y,,,,,,
Triefenbach,down,1,10/05/18,y,,,,,,
Triefenbach,down,2,10/05/18,y,,,,,,
Modenbach,up,1,10/05/18,y,,,,,,
Modenbach,up,2,10/05/18,y,,,,,,
Modenbach,down,1,10/05/18,y,,,,,,
Modenbach,down,2,10/05/18,y,,,,,,
Hainbach,up,1,10/05/18,y,,,,,,
Hainbach,up,2,10/05/18,y,,,,,,
Hainbach,down,1,10/05/18,,Sample missing,,,,,
Hainbach,down,2,10/05/18,y,,,,,,
Russbach,up,1,14/05/18,y,,,,,,
Russbach,up,2,14/05/18,y,,,,,,
Otterbach,up,1,14/05/18,y,,,,,,
Otterbach,up,2,14/05/18,y,,,,,,
Otterbach,down,2,14/05/18,y,,,,,,
Dierbach,up,1,14/05/18,y,,,,,,
Dierbach,up,2,14/05/18,y,,,,,,
Dierbach,down,1,14/05/18,y,,,,,,
Dierbach,down,2,14/05/18,y,,,,,,
Klingbach,up,1,14/05/18,y,,,,,,
Klingbach,up,2,14/05/18,y,,,,,,
Klingbach,down,1,14/05/18,y,,,,,,
Klingbach,down,2,14/05/18,y,,,,,,
Kaiserbach,down,1,14/05/18,y,,,,,,
Isenach,up,1,15/05/18,y,,,,,,
Isenach,up,2,15/05/18,y,,,,,,
Isenach,down,1,15/05/18,y,,,,,,
Kropsbach,up,1,15/05/18,y,,,,,,
Kropsbach,up,2,15/05/18,y,,,,,,
Triefenbach,up,1,15/05/18,y,,,,,,
Triefenbach,up,2,15/05/18,y,,,,,,
Triefenbach,down,1,15/05/18,y,,,,,,
Triefenbach,down,2,15/05/18,y,,,,,,
Modenbach,up,1,15/05/18,,sample missing,,,,,
Modenbach,up,2,15/05/18,y,,,,,,
Modenbach,down,1,15/05/18,y,,,,,,
Modenbach,down,2,15/05/18,y,,,,,,
Hainbach,up,1,15/05/18,y,,,,,,
Hainbach,down,1,15/05/18,y,,,,,,
Hainbach,down,2,15/05/18,y,,,,,,
Russbach,up,1,17/05/18,y,,,,,,
Russbach,up,2,17/05/18,y,,,,,,
Russbach,down,1,17/05/18,y,,,,,,
Russbach,down,2,17/05/18,y,,,,,,
Otterbach,up,1,17/05/18,y,,,,,,
Otterbach,up,2,17/05/18,y,,,,,,
Otterbach,down,1,17/05/18,y,,,,,,
Dierbach,up,1,17/05/18,y,,,,,,
Dierbach,up,2,17/05/18,y,,,,,,
Dierbach,down,1,17/05/18,y,,,,,,
Dierbach,down,2,17/05/18,y,,,,,,
Klingbach,up,1,17/05/18,,"Falle war weg und somit konnte keine Emergenz eingesammelt werden, missing sample",,,,,
Klingbach,down,1,17/05/18,y,,,,,,
Klingbach,down,2,17/05/18,y,,,,,,
Kaiserbach,up,1,17/05/18,y,,,,,,
Kaiserbach,up,2,17/05/18,y,,,,,,
Kaiserbach,down,1,17/05/18,y,,,,,,
Kaiserbach,down,2,17/05/18,y,,,,,,
Isenach,up,1,17/05/18,y,,,,,,
Isenach,up,2,17/05/18,y,,,,,,
Isenach,down,1,17/05/18,y,,,,,,
Isenach,down,2,17/05/18,y,,,,,,
Kropsbach,up,1,17/05/18,y,,,,,,
Kropsbach,up,2,17/05/18,y,,,,,,
Kropsbach,down,1,17/05/18,y,,,,,,
Kropsbach,down,2,17/05/18,y,,,,,,
Triefenbach,up,1,17/05/18,y,,,,,,
Triefenbach,up,2,17/05/18,y,,,,,,
Triefenbach,down,1,17/05/18,y,,,,,,
Triefenbach,down,2,17/05/18,y,,,,,,
Modenbach,up,1,17/05/18,y,,,,,,
Modenbach,up,2,17/05/18,y,,,,,,
Modenbach,down,1,17/05/18,y,,,,,,
Modenbach,down,2,17/05/18,y,,,,,,
Hainbach,up,1,17/05/18,y,,,,,,
Hainbach,up,2,17/05/18,y,,,,,,
Hainbach,down,1,17/05/18,y,,,,,,
Hainbach,down,2,17/05/18,y,,,,,,
Russbach,up,1,22/05/18,y,,,,,,
Russbach,up,2,22/05/18,y,,,,,,
Russbach,down,1,22/05/18,y,,,,,,
Russbach,down,2,22/05/18,y,,,,,,
Otterbach,up,1,22/05/18,y,,,,,,
Otterbach,up,2,22/05/18,y,,,,,,
Otterbach,down,1,22/05/18,y,,,,,,
Otterbach,down,2,22/05/18,y,2.1 und 2.2 fertig bestimmt,,,,,
Dierbach,up,1,22/05/18,y,,,,,,
Dierbach,up,2,22/05/18,y,,,,,,
Dierbach,down,1,22/05/18,y,,,,,,
Dierbach,down,2,22/05/18,y,,,,,,
Klingbach,up,1,22/05/18,y,,,,,,
Klingbach,up,2,22/05/18,y,,,,,,
Klingbach,down,1,22/05/18,y,,,,,,
Klingbach,down,2,22/05/18,y,,,,,,
Kaiserbach,up,1,22/05/18,y,,,,,,
Kaiserbach,up,2,22/05/18,y,,,,,,
Kaiserbach,down,1,22/05/18,y,,,,,,
Kaiserbach,down,2,22/05/18,y,,,,,,
Isenach,up,1,22/05/18,y,,,,,,
Isenach,up,2,22/05/18,y,,,,,,
Isenach,down,1,22/05/18,y,2 Proben mit label eine in down 2 in Tabelle geändert (ID 3477-3585 bleibt down 1),,,,,
Isenach,down,2,22/05/18,y,ID 3574-3581; labelled as down 1,,,,,
Kropsbach,up,1,22/05/18,y,,,,,,
Kropsbach,up,2,22/05/18,y,,,,,,
Kropsbach,down,1,22/05/18,y,,,,,,
Kropsbach,down,2,22/05/18,y,,,,,,
Triefenbach,up,1,22/05/18,y,,,,,,
Triefenbach,up,2,22/05/18,y,,,,,,
Triefenbach,down,1,22/05/18,y,,,,,,
Triefenbach,down,2,22/05/18,y,,,,,,
Modenbach,up,1,22/05/18,y,,,,,,
Modenbach,up,2,22/05/18,y,,,,,,
Modenbach,down,1,22/05/18,y,,,,,,
Modenbach,down,2,22/05/18,y,,,,,,
Hainbach,up,1,22/05/18,y,,,,,,
Hainbach,up,2,22/05/18,y,,,,,,
Hainbach,down,1,22/05/18,y,,,,,,
Hainbach,down,2,22/05/18,y,,,,,,
Russbach,up,1,24/05/18,y,,,,,,
Russbach,up,2,24/05/18,y,,,,,,
Russbach,down,1,24/05/18,y,,,,,,
Russbach,down,2,24/05/18,y,,,,,,
Otterbach,up,1,24/05/18,y,,,,,,
Otterbach,up,2,24/05/18,y,,,,,,
Otterbach,down,1,24/05/18,y,,,,,,
Otterbach,down,2,24/05/18,y,,,,,,
Dierbach,up,1,24/05/18,y,,,,,,
Dierbach,up,2,24/05/18,y,,,,,,
Dierbach,down,1,24/05/18,y,,,,,,
Dierbach,down,2,24/05/18,y,,,,,,
Klingbach,up,1,24/05/18,y,,,,,,
Klingbach,up,2,24/05/18,y,,,,,,
Klingbach,down,1,24/05/18,y,,,,,,
Klingbach,down,2,24/05/18,y,,,,,,
Kaiserbach,up,1,24/05/18,y,,,,,,
Kaiserbach,up,2,24/05/18,y,,,,,,
Kaiserbach,down,1,24/05/18,y,,,,,,
Kaiserbach,down,2,24/05/18,y,eines mit 24/04/18 auf label und eines mit 24/05/18,,,,,
Isenach,up,1,24/05/18,y,,,,,,
Isenach,up,2,24/05/18,y,,,,,,
Isenach,down,1,24/05/18,y,,,,,,
Isenach,down,2,24/05/18,y,,,,,,
Kropsbach,up,1,24/05/18,y,,,,,,
Kropsbach,up,2,24/05/18,y,,,,,,
Kropsbach,down,1,24/05/18,y,,,,,,
Kropsbach,down,2,24/05/18,y,,,,,,
Triefenbach,up,1,24/05/18,y,,,,,,
Triefenbach,up,2,24/05/18,y,,,,,,
Triefenbach,down,1,24/05/18,y,,,,,,
Triefenbach,down,2,24/05/18,y,,,,,,
Modenbach,up,1,24/05/18,y,,,,,,
Modenbach,up,2,24/05/18,y,,,,,,
Modenbach,down,1,24/05/18,y,,,,,,
Modenbach,down,2,24/05/18,y,,,,,,
Hainbach,up,1,24/05/18,y,,,,,,
Hainbach,up,2,24/05/18,y,,,,,,
Hainbach,down,1,24/05/18,y,,,,,,
Hainbach,down,2,24/05/18,y,,,,,,
Russbach,up,1,28/05/18,y,,,,,,
Russbach,up,2,28/05/18,y,,,,,,
Russbach,down,1,28/05/18,y,,,,,,
Russbach,down,2,28/05/18,y,,,,,,
Otterbach,up,1,28/05/18,y,,,,,,
Otterbach,up,2,28/05/18,y,,,,,,
Otterbach,down,1,28/05/18,y,,,,,,
Otterbach,down,2,28/05/18,y,,,,,,
Dierbach,up,1,28/05/18,y,,,,,,
Dierbach,up,2,28/05/18,y,,,,,,
Dierbach,down,1,28/05/18,y,,,,,,
Dierbach,down,2,28/05/18,y,,,,,,
Klingbach,down,1,28/05/18,y,,,,,,
Klingbach,down,2,28/05/18,y,,,,,,
Isenach,up,1,28/05/18,y,,,,,,
Isenach,up,2,28/05/18,y,,,,,,
Isenach,down,1,28/05/18,y,,,,,,
Isenach,down,2,28/05/18,y,,,,,,
Kropsbach,down,1,28/05/18,y,"kann sein, dass keine Probe da, weil Fallen kaputt",,,,,
Kropsbach,down,2,28/05/18,y,"kann sein, dass keine Probe da, weil Fallen kaputt",,,,,
Triefenbach,down,1,28/05/18,y,,,,,,
Triefenbach,down,2,28/05/18,y,,,,,,
Modenbach,up,1,28/05/18,y,,,,,,
Modenbach,up,2,28/05/18,y,,,,,,
Modenbach,down,1,28/05/18,y,,,,,,
Modenbach,down,2,28/05/18,y,,,,,,
Hainbach,up,1,28/05/18,y,,,,,,
Hainbach,up,2,28/05/18,y,,,,,,
Hainbach,down,1,28/05/18,y,,,,,,
Hainbach,down,2,28/05/18,y,,,,,,
Russbach,up,1,30/05/18,y,,,,,,
Russbach,up,2,30/05/18,y,,,,,,
Russbach,down,1,30/05/18,y,,,,,,
Russbach,down,2,30/05/18,y,,,,,,
Otterbach,up,1,30/05/18,y,,,,,,
Otterbach,up,2,30/05/18,y,,,,,,
Otterbach,down,1,30/05/18,y,,,,,,
Otterbach,down,2,30/05/18,y,,,,,,
Dierbach,up,1,30/05/18,y,,,,,,
Dierbach,up,2,30/05/18,y,,,,,,
Dierbach,down,1,30/05/18,y,,,,,,
Dierbach,down,2,30/05/18,y,,,,,,
Klingbach,up,1,30/05/18,y,,,,,,
Klingbach,up,2,30/05/18,y,,,,,,
Klingbach,down,1,30/05/18,y,,,,,,
Klingbach,down,2,30/05/18,y,,,,,,
Kaiserbach,up,1,30/05/18,y,,,,,,
Kaiserbach,up,2,30/05/18,y,,,,,,
Kaiserbach,down,1,30/05/18,y,,,,,,
Kaiserbach,down,2,30/05/18,y,,,,,,
Isenach,up,1,30/05/18,y,,,,,,
Isenach,up,2,30/05/18,y,,,,,,
Isenach,down,1,30/05/18,y,,,,,,
Isenach,down,2,30/05/18,y,,,,,,
Triefenbach,up,1,30/05/18,y,,,,,,
Triefenbach,up,2,30/05/18,y,,,,,,
Triefenbach,down,1,30/05/18,y,,,,,,
Triefenbach,down,2,30/05/18,y,,,,,,
Modenbach,up,1,30/05/18,y,,,,,,
Modenbach,down,1,30/05/18,y,,,,,,
Modenbach,down,2,30/05/18,y,,,,,,
Hainbach,up,1,30/05/18,y,,,,,,
Hainbach,up,2,30/05/18,y,no emergence,,,,,
Hainbach,down,1,30/05/18,y,,,,,,
Hainbach,down,2,30/05/18,y,,,,,,
Russbach,up,1,04/06/18,y,,,,,,
Russbach,up,2,04/06/18,y,,,,,,
Russbach,down,1,04/06/18,y,,,,,,
Otterbach,up,1,04/06/18,y,,,,,,
Otterbach,up,2,04/06/18,y,,,,,,
Dierbach,up,1,04/06/18,y,,,,,,
Dierbach,up,2,04/06/18,y,,,,,,
Dierbach,down,1,04/06/18,y,,,,,,
Klingbach,up,1,04/06/18,y,"eine Falle weg und eine total kaputt, keine Emergenz sammelbar",,,,,
Klingbach,down,1,04/06/18,y,,,,,,
Isenach,up,1,04/06/18,y,,,,,,
Isenach,up,2,04/06/18,y,,,,,,
Isenach,down,1,04/06/18,y,,,,,,
Isenach,down,2,04/06/18,y,,,,,,
Kropsbach,up,1,04/06/18,y,"eine Falle weg und eine total kaputt, keine Emergenz sammelbar",,,,,
Triefenbach,up,1,04/06/18,y,,,,,,
Triefenbach,down,1,04/06/18,y,,,,,,
Triefenbach,down,2,04/06/18,y,,,,,,
Modenbach,up,1,04/06/18,y,,,,,,
Hainbach,up,1,04/06/18,y,,,,,,
Russbach,up,1,08/06/18,y,,,,,,
Russbach,up,2,08/06/18,y,labelled with 09/06/18,,,,,
Russbach,down,1,08/06/18,y,labelled with 09/06/18,,,,,
Russbach,down,2,08/06/18,y,labelled with 09/06/18,,,,,
Otterbach,up,1,08/06/18,y,labelled with 09/06/18,,,,,
Otterbach,up,2,08/06/18,y,labelled with 09/06/18,,,,,
Otterbach,down,1,08/06/18,y,labelled with 09/06/18,,,,,
Otterbach,down,2,08/06/18,y,labelled with 09/06/18,,,,,
Dierbach,up,1,08/06/18,y,labelled with 09/06/18,,,,,
Dierbach,up,2,08/06/18,y,labelled with 09/06/18,,,,,
Dierbach,down,1,08/06/18,y,labelled with 09/06/18,,,,,
Dierbach,down,2,08/06/18,y,labelled with 09/06/18,,,,,
Klingbach,down,1,08/06/18,y,labelled with 09/06/18,,,,,
Klingbach,down,2,08/06/18,y,labelled with 09/06/18,,,,,
Kaiserbach,up,1,08/06/18,y,labelled with 09/06/18,,auf Label up2,,,
Kaiserbach,up,2,08/06/18,y,labelled with 09/06/18,,2 Proben mit diesem Label eine als up1 in Tabellle,,,
Kaiserbach,down,1,08/06/18,y,labelled with 09/06/18,,"Kaiser 1, 1.1 und 1.2 bestimmt",,,
Kaiserbach,down,2,08/06/18,y,labelled with 09/06/18,,,,,
Isenach,up,1,09/06/18,y,Label: Isen up 1 10/06/18,,,,,
Isenach,up,2,09/06/18,y,Label: Isen up 2 10/06/18,,,,,
Isenach,down,1,09/06/18,y,Label: Isen down 1 10/06/18,,eine Libelle schon bestimmt,,,
Isenach,down,2,09/06/18,y,Label: Isen down 2 10/06/18,,,,,
Triefenbach,up,1,08/06/18,y,labelled with 09/06/18,,,,,
Triefenbach,up,2,08/06/18,y,labelled with 09/06/18,,,,,
Triefenbach,down,1,08/06/18,y,labelled with 09/06/18,,,,,
Triefenbach,down,2,08/06/18,y,labelled with 09/06/18,,,,,
Modenbach,up,1,08/06/18,y,labelled with 09/06/18,,,,,
Modenbach,up,2,08/06/18,y,labelled with 09/06/18,,,,,
Modenbach,down,1,08/06/18,y,labelled with 09/06/18,,,,,
Modenbach,down,2,08/06/18,y,labelled with 09/06/18,,,,,
Hainbach,up,1,08/06/18,y,labelled with 09/06/18,,,,,
Hainbach,up,2,08/06/18,y,labelled with 09/06/18,,,,,
Russbach,up,1,11/06/18,y,,,,,,
Russbach,up,2,11/06/18,y,,,,,,
Russbach,down,1,11/06/18,y,,,,,,
Russbach,down,2,11/06/18,y,,,,,,
Otterbach,up,1,11/06/18,y,,,,,,
Otterbach,up,2,11/06/18,y,,,,,,
Dierbach,up,1,11/06/18,y,,,,,,
Dierbach,down,1,11/06/18,y,,,,,,
Dierbach,down,2,11/06/18,y,,,,,,
Klingbach,up,1,11/06/18,y,"Falle voll mit Wasser, keine Emergenz sammelbar",,,,,
Klingbach,up,2,11/06/18,y,"Falle voll mit Wasser, keine Emergenz sammelbar",,,,,
Klingbach,down,1,11/06/18,y,,,,,,
Kaiserbach,up,1,11/06/18,y,,,,,,
Kaiserbach,up,2,11/06/18,y,,,,,,
Kaiserbach,down,1,11/06/18,y,,,,,,
Kaiserbach,down,2,11/06/18,y,,,,,,
Isenach,up,1,11/06/18,y,,,,,,
Isenach,up,2,11/06/18,y,,,,,,
Isenach,down,1,11/06/18,y,,,,,,
Isenach,down,2,11/06/18,y,,,,,,
Kropsbach,up,1,11/06/18,y,,,,,,
Kropsbach,up,2,11/06/18,y,,,,,,
Kropsbach,down,1,11/06/18,y,,,,,,
Kropsbach,down,2,11/06/18,y,,,,,,
Triefenbach,up,1,11/06/18,y,,,,,,
Triefenbach,up,2,11/06/18,y,,,,,,
Triefenbach,down,1,11/06/18,y,,,,,,
Triefenbach,down,2,11/06/18,y,,,,,,
Modenbach,up,1,11/06/18,y,,,,,,
Modenbach,up,2,11/06/18,y,,,,,,
Modenbach,down,1,11/06/18,y,,,,,,
Hainbach,down,1,11/06/18,y,,,,,,
Hainbach,down,2,11/06/18,y,,,,,,
Russbach,up,1,14/06/18,y,,,,,,
Russbach,up,2,14/06/18,y,,,,,,
Russbach,down,1,14/06/18,y,,,,,,
Russbach,down,2,14/06/18,y,,,,,,
Otterbach,up,1,14/06/18,y,2 mit diesem Label eine in up 2 geändert in Tabelle ID 5915-5918,,,,,
Otterbach,up,2,14/06/18,y,Label: Otterbach up 1 14/06/18; in up 2 geändert in Tabelle,,,,,
Otterbach,down,1,14/06/18,y,"neue Fallen installiert, keine Emergenz sammelbar",,,,,
Otterbach,down,2,14/06/18,y,"neue Fallen installiert, keine Emergenz sammelbar",,,,,
Dierbach,up,1,14/06/18,y,auf label eigentlich up 2,,,,,
Dierbach,up,2,14/06/18,y,2 Proben mit diesem Label eine in up2 in Tabelle umgenannt,,,,,
Dierbach,down,1,14/06/18,y,,,,,,
Dierbach,down,2,14/06/18,y,,,,,,
Klingbach,up,1,14/06/18,y,no emergence,,,,,
Klingbach,down,1,14/06/18,y,,,,,,
Kaiserbach,up,1,14/06/18,y,,,,,,
Kaiserbach,up,2,14/06/18,y,,,,,,
Kaiserbach,down,1,14/06/18,y,,,,,,
Kaiserbach,down,2,14/06/18,y,,,,,,
Isenach,up,1,15/06/18,y,,,,,,
Isenach,up,2,15/06/18,y,,,,,,
Isenach,down,1,14/06/18,y,,,,,,
Isenach,down,2,14/06/18,y,,,,,,
Kropsbach,up,1,14/06/18,y,,,,,,
Kropsbach,down,1,14/06/18,y,"Falle weg, keine neue installiert",,,,,
Kropsbach,down,2,14/06/18,y,"Falle weg, keine neue installiert",,,,,
Triefenbach,up,1,14/06/18,y,,,,,,
Triefenbach,up,2,14/06/18,y,,,,,,
Triefenbach,down,1,14/06/18,,"Eppi labelled as Hain down 2, but marked with black dot",,,,,
Triefenbach,down,2,14/06/18,y,,,,,,
Modenbach,up,1,14/06/18,y,,,,,,
Modenbach,up,2,14/06/18,y,no emergence,,,,,
Modenbach,down,1,14/06/18,y,"Flasche komplett voll mit Wasser, daher keine Emergenz sammelbar",,,,,
Hainbach,up,1,14/06/18,y,,,,,,
Hainbach,up,2,14/06/18,y,,,,,,
Hainbach,down,1,14/06/18,y,,,,,,
Hainbach,down,2,14/06/18,y,vermutlich missing sample,,,,,
Russbach,up,1,18/06/18,y,,,,,,
Russbach,up,2,18/06/18,y,,,,,,
Russbach,down,1,18/06/18,y,,,,,,
Russbach,down,2,18/06/18,y,,,,,,
Otterbach,up,1,18/06/18,y,,,,,,
Otterbach,up,2,18/06/18,y,,,,,,
Otterbach,down,1,18/06/18,y,Otter down 1.1 und 1.2 bestimmt,,,,,
Otterbach,down,2,18/06/18,y,,,,,,
Dierbach,up,1,18/06/18,y,,,,,,
Dierbach,up,2,18/06/18,y,,,,,,
Dierbach,down,1,18/06/18,y,,,,,,
Dierbach,down,2,18/06/18,y,,,,,,
Klingbach,up,1,18/06/18,v,,,,,,
Klingbach,up,2,18/06/18,y,,,,,,
Klingbach,down,1,18/06/18,y,,,,,,
Klingbach,down,2,18/06/18,y,,,,,,
Kaiserbach,up,1,18/06/18,y,,,,,,
Kaiserbach,up,2,18/06/18,y,,,,,,
Kaiserbach,down,1,18/06/18,y,,,,,,
Kaiserbach,down,2,18/06/18,y,,,,,,
Isenach,up,1,18/06/18,y,,,,,,
Isenach,up,2,18/06/18,y,,,,,,
Isenach,down,1,18/06/18,y,,,,,,
Isenach,down,2,18/06/18,y,,,,,,
Kropsbach,up,1,18/06/18,y,,,,,,
Kropsbach,up,2,18/06/18,y,"am 14/06/18 ging Falle kaputt und konnte weder repariert noch ersetzte werden, deswegen ist am 18/06/18 keine zweite Probe vorhanden; am 18/06/18 neue Falle eingesetzt, so dass ab dann wieder 2 Fallen im Bach waren",,,,,
Kropsbach,down,1,18/06/18,y,"am 14/06/18 war keine Falle mehr da und konnte nich ersetzt werden, also hier keine Probe da; am 18/06/18 wurden 2 neue Fallen installiert",,,,,
Kropsbach,down,2,18/06/18,y,"am 14/06/18 war keine Falle mehr da und konnte nich ersetzt werden, also hier keine Probe da; am 18/06/18 wurden 2 neue Fallen installiert",,,,,
Triefenbach,up,1,18/06/18,y,,,,,,
Triefenbach,up,2,18/06/18,y,,,,,,
Triefenbach,down,1,18/06/18,y,,,,,,
Triefenbach,down,2,18/06/18,y,,,,,,
Modenbach,up,1,18/06/18,y,,,,,,
Modenbach,up,2,18/06/18,y,,,,,,
Modenbach,down,1,18/06/18,y,,,,,,
Modenbach,down,2,18/06/18,y,,,,,,
Hainbach,up,1,18/06/18,y,,,,,,
Hainbach,up,2,18/06/18,y,,,,,,
Hainbach,down,1,18/06/18,y,,,,,,
Hainbach,down,2,18/06/18,y,,,,,,
Russbach,up,1,21/06/18,y,,,,,,
Russbach,up,2,21/06/18,y,,,,,,
Russbach,down,1,21/06/18,y,,,,,,
Russbach,down,2,21/06/18,y,,,,,,
Otterbach,up,1,21/06/18,y,,,,,,
Otterbach,up,2,21/06/18,y,,,,,,
Otterbach,down,1,21/06/18,y,,,,,,
Otterbach,down,2,21/06/18,y,,,,,,
Dierbach,up,1,21/06/18,y,,,,,,
Dierbach,up,2,21/06/18,y,,,,,,
Dierbach,down,1,21/06/18,y,,,,,,
Dierbach,down,2,21/06/18,y,,,,,,
Klingbach,up,1,21/06/18,y,,,,,,
Klingbach,up,2,21/06/18,y,,,,,,
Klingbach,down,1,21/06/18,y,,,,,,
Klingbach,down,2,21/06/18,y,,,,,,
Kaiserbach,up,1,21/06/18,y,,,,,,
Kaiserbach,up,2,21/06/18,y,,,,,,
Kaiserbach,down,1,21/06/18,y,,,,,,
Kaiserbach,down,2,21/06/18,,Sample missing,,,,,
Isenach,up,1,21/06/18,y,,,,,,
Isenach,up,2,21/06/18,y,,,,,,
Isenach,down,1,21/06/18,y,,,,,,
Isenach,down,2,21/06/18,y,,,,,,
Kropsbach,up,1,21/06/18,y,,,,,,
Kropsbach,up,2,21/06/18,y,,,,,,
Kropsbach,down,1,21/06/18,y,Krops down 1.1 und 1,,,,,
Kropsbach,down,2,21/06/18,y,,,,,,
Triefenbach,up,1,21/06/18,y,,,,,,
Triefenbach,up,2,21/06/18,y,,,,,,
Triefenbach,down,1,21/06/18,y,keine Zahl hinter down,,,,,
Triefenbach,down,2,21/06/18,y,no emergence,,,,,
Modenbach,up,1,21/06/18,y,,,,,,
Modenbach,up,2,21/06/18,y,,,,,,
Modenbach,down,1,21/06/18,y,,,,,,
Modenbach,down,2,21/06/18,y,,,,,,
Hainbach,up,1,21/06/18,y,,,,,,
Hainbach,up,2,21/06/18,y,,,,,,
Hainbach,down,1,21/06/18,y,,,,,,
Hainbach,down,2,21/06/18,y,,,,,,
Russbach,up,1,25/06/18,y,,,,,,
Russbach,up,2,25/06/18,y,,,,,,
Russbach,down,1,25/06/18,y,,,,,,
Russbach,down,2,25/06/18,y,,,,,,
Otterbach,up,1,25/06/18,y,,,,,,
Otterbach,up,2,25/06/18,y,,,,,,
Otterbach,down,1,25/06/18,y,,,,,,
Otterbach,down,2,25/06/18,y,,,,,,
Dierbach,up,1,25/06/18,y,,,,,,
Dierbach,up,2,25/06/18,y,,,,,,
Dierbach,down,1,25/06/18,y,,,,,,
Dierbach,down,2,25/06/18,y,,,,,,
Klingbach,up,1,25/06/18,y,,,,,,
Klingbach,up,2,25/06/18,y,,,,,,
Klingbach,down,1,25/06/18,y,,,,,,
Kaiserbach,up,1,25/06/18,y,,,,,,
Kaiserbach,up,2,25/06/18,y,,,,,,
Kaiserbach,down,1,25/06/18,y,,,,,,
Kaiserbach,down,2,25/06/18,y,schwer leserlich wahrscheinlich 2,,,,,
Isenach,up,1,25/06/18,y,,,,,,
Isenach,up,2,25/06/18,y,,,,,,
Isenach,down,1,25/06/18,y,,,,,,
Isenach,down,2,25/06/18,y,,,,,,
Kropsbach,up,1,25/06/18,y,,,,,,
Kropsbach,up,2,25/06/18,y,,,,,,
Kropsbach,down,1,25/06/18,y,,,,,,
Kropsbach,down,2,25/06/18,y,2 und 2.1 bestimmt,,,,,
Triefenbach,up,1,25/06/18,y,,,,,,
Triefenbach,up,2,25/06/18,y,,,,,,
Triefenbach,down,1,25/06/18,y,,,,,,
Triefenbach,down,2,25/06/18,y,,,,,,
Modenbach,up,1,25/06/18,y,,,,,,
Modenbach,up,2,25/06/18,y,,,,,,
Modenbach,down,1,25/06/18,y,,,,,,
Modenbach,down,2,25/06/18,y,,,,,,
Hainbach,up,1,25/06/18,y,,,,,,
Hainbach,up,2,25/06/18,y,,,,,,
Hainbach,down,1,25/06/18,y,,,,,,
Hainbach,down,2,25/06/18,y,,,,,,
Russbach,up,1,28/06/18,y,,,,,,
Russbach,up,2,28/06/18,y,,,,,,
Russbach,down,1,28/06/18,y,,,,,,
Russbach,down,2,28/06/18,y,,,,,,
Otterbach,up,1,28/06/18,y,,,,,,
Otterbach,up,2,28/06/18,y,,,,,,
Otterbach,down,1,28/06/18,y,,,,,,
Otterbach,down,2,28/06/18,y,,,,,,
Dierbach,up,1,28/06/18,y,,,,,,
Dierbach,up,2,28/06/18,y,,,,,,
Dierbach,down,1,28/06/18,y,,,,,,
Dierbach,down,2,28/06/18,y,,,,,,
Klingbach,up,1,28/06/18,y,1 und 1.2 bestimmt,,,,,
Klingbach,up,2,28/06/18,y,,,,,,
Klingbach,down,1,28/06/18,y,,,,,,
Klingbach,down,2,28/06/18,y,,,,,,
Kaiserbach,up,1,28/06/18,y,,,,,,
Kaiserbach,up,2,28/06/18,y,,,,,,
Kaiserbach,down,1,28/06/18,y,,,,,,
Kaiserbach,down,2,28/06/18,y,,,,,,
Isenach,up,1,28/06/18,y,,,,,,
Isenach,up,2,28/06/18,y,,,,,,
Isenach,down,1,28/06/18,y,,,,,,
Isenach,down,2,28/06/18,y,,,,,,
Kropsbach,up,1,28/06/18,y,,,,,,
Kropsbach,up,2,28/06/18,y,,,,,,
Kropsbach,down,1,28/06/18,y,,,,,,
Kropsbach,down,2,28/06/18,y,,,,,,
Triefenbach,up,1,28/06/18,y,,,,,,
Triefenbach,up,2,28/06/18,y,,,,,,
Triefenbach,down,1,28/06/18,y,,,,,,
Triefenbach,down,2,28/06/18,y,,,,,,
Modenbach,up,1,28/06/18,y,,,,,,
Modenbach,up,2,28/06/18,y,,,,,,
Modenbach,down,1,28/06/18,y,,,,,,
Modenbach,down,2,28/06/18,y,,,,,,
Hainbach,up,1,28/06/18,y,2 Eppis als Hain up 1 28/06/18 up 1; ID 4240-4242 bleibt up 1; ID 4243-4244 in up 2 geändert in Tabelle,,,,,
Hainbach,up,2,28/06/18,y,,,,,,
Hainbach,down,1,28/06/18,y,,,,,,
Hainbach,down,2,28/06/18,y,,,,,,
Russbach,up,1,02/07/18,y,,,,,,
Russbach,up,2,02/07/18,y,,,,,,
Russbach,down,1,02/07/18,y,,,,,,
Russbach,down,2,02/07/18,y,,,,,,
Otterbach,up,1,02/07/18,y,,,,,,
Otterbach,up,2,02/07/18,y,,,,,,
Otterbach,down,1,02/07/18,y,,,,,,
Otterbach,down,2,02/07/18,y,,,,,,
Dierbach,up,1,02/07/18,y,,,,,,
Dierbach,up,2,02/07/18,y,,,,,,
Dierbach,down,1,02/07/18,y,,,,,,
Dierbach,down,2,02/07/18,y,,,,,,
Klingbach,up,1,02/07/18,y,,,,,,
Klingbach,up,2,02/07/18,y,,,,,,
Klingbach,down,1,02/07/18,y,,,,,,
Klingbach,down,2,02/07/18,y,,,,,,
Kaiserbach,up,1,02/07/18,y,,,,,,
Kaiserbach,up,2,02/07/18,,Sample missing,,,,,
Kaiserbach,down,1,02/07/18,y,,ID 5738 - 5743,,,,
Kaiserbach,down,2,02/07/18,y,,label kommt 2x vor (ID 5744-5747 und 4377-4378),,,,
Isenach,up,1,02/07/18,y,,,,,,
Isenach,up,2,02/07/18,y,,,,,,
Isenach,down,1,02/07/18,y,,label kommt 2x vor ID 4341-4344 bleibt down 1; ID 4368 - 4372 wird in Tabelle in down 2 geändert,,,,
Isenach,down,2,02/07/18,y,,labelles as down 1,,,,
Kropsbach,up,1,02/07/18,y,,,,,,
Kropsbach,up,2,02/07/18,y,,,,,,
Kropsbach,down,1,02/07/18,y,,,,,,
Kropsbach,down,2,02/07/18,y,,,,,,
Triefenbach,up,1,02/07/18,y,,,,,,
Triefenbach,up,2,02/07/18,y,,,,,,
Triefenbach,down,1,02/07/18,y,,,,,,
Triefenbach,down,2,02/07/18,y,,,,,,
Modenbach,up,1,02/07/18,y,,,,,,
Modenbach,up,2,02/07/18,y,,,,,,
Modenbach,down,1,02/07/18,y,,,,,,
Modenbach,down,2,02/07/18,y,,,,,,
Hainbach,up,1,02/07/18,y,,,,,,
Hainbach,up,2,02/07/18,y,,,,,,
Hainbach,down,1,02/07/18,y,,,,,,
Hainbach,down,2,02/07/18,y,probe riecht fischig,,,,,
Russbach,up,1,05/07/18,y,2 Proben mit diesem Label eine als up 2 in Tabelle (ID 5662-,,,,,
Russbach,up,2,05/07/18,y,eigentlich als up 1 gelabelt,,,,,
Russbach,down,1,05/07/18,y,,,,,,
Russbach,down,2,05/07/18,y,,,,,,
Otterbach,up,1,05/07/18,y,,,,,,
Otterbach,up,2,05/07/18,y,,,,,,
Otterbach,down,1,05/07/18,y,,,,,,
Otterbach,down,2,05/07/18,y,,,,,,
Dierbach,up,1,05/07/18,y,,,,,,
Dierbach,up,2,05/07/18,y,,,,,,
Dierbach,down,1,05/07/18,y,,,,,,
Dierbach,down,2,05/07/18,y,,,,,,
Klingbach,up,1,05/07/18,y,,,,,,
Klingbach,up,2,05/07/18,y,,,,,,
Klingbach,down,1,05/07/18,y,,,,,,
Klingbach,down,2,05/07/18,y,,,,,,
Kaiserbach,up,1,05/07/18,y,,,,,,
Kaiserbach,up,2,05/07/18,y,,,,,,
Kaiserbach,down,1,05/07/18,y,,,,,,
Kaiserbach,down,2,05/07/18,y,,,,,,
Isenach,up,1,05/07/18,y,,,,,,
Isenach,up,2,05/07/18,y,,,,,,
Isenach,down,1,05/07/18,y,,,,,,
Isenach,down,2,05/07/18,y,,,,,,
Kropsbach,up,1,05/07/18,y,,,,,,
Kropsbach,up,2,05/07/18,y,,,,,,
Kropsbach,down,1,05/07/18,y,,,,,,
Kropsbach,down,2,05/07/18,y,,,,,,
Triefenbach,up,1,05/07/18,y,,,,,,
Triefenbach,up,2,05/07/18,y,,,,,,
Triefenbach,down,1,05/07/18,y,,,,,,
Triefenbach,down,2,05/07/18,y,,,,,,
Modenbach,up,1,05/07/18,y,,,,,,
Modenbach,up,2,05/07/18,y,,,,,,
Modenbach,down,1,05/07/18,y,,,,,,
Modenbach,down,2,05/07/18,y,,,,,,
Hainbach,up,1,05/07/18,y,,,,,,
Hainbach,up,2,05/07/18,y,,,,,,
Hainbach,down,1,05/07/18,y,,,,,,
Hainbach,down,2,05/07/18,y,,,,,,
Russbach,up,1,09/07/18,y,,,,,,
Russbach,up,2,09/07/18,y,,,,,,
Russbach,down,1,09/07/18,y,,,,,,
Russbach,down,2,09/07/18,y,,,,,,
Otterbach,up,1,09/07/18,y,,,,,,
Otterbach,up,2,09/07/18,y,,,,,,
Otterbach,down,1,09/07/18,y,,,,,,
Otterbach,down,2,09/07/18,y,y ,"Zwei Proben mit dem Label, eine Probe ID 2214-2216, andere Probe ID 5507-5511",,,,
Dierbach,up,1,09/07/18,y,,,,,,
Dierbach,up,2,09/07/18,y,,,,,,
Dierbach,down,1,09/07/18,y,,,,,,
Dierbach,down,2,09/07/18,,Sample missing,,,,,
Klingbach,up,1,09/07/18,y,,,,,,
Klingbach,up,2,09/07/18,y,,,,,,
Klingbach,down,1,09/07/18,y,,,,,,
Klingbach,down,2,09/07/18,y,,,,,,
Kaiserbach,up,1,09/07/18,y,,,,,,
Kaiserbach,up,2,09/07/18,y,,,,,,
Kaiserbach,down,1,09/07/18,y,,,,,,
Kaiserbach,down,2,09/07/18,y,,,,,,
Isenach,up,1,09/07/18,y,auf Label: Isenach up 09/07/18,,,,,
Isenach,up,2,09/07/18,y,no emergence,,,,,
Isenach,down,1,09/07/18,y,,,,,,
Isenach,down,2,09/07/18,y,,,,,,
Kropsbach,up,1,09/07/18,y,"Falle weg, keine neue hin",,,,,
Kropsbach,up,2,09/07/18,y,"Falle weg, keine neue hin",,,,,
Kropsbach,down,1,09/07/18,y,,,,,,
Kropsbach,down,2,09/07/18,y,,,,,,
Triefenbach,up,1,09/07/18,y,2 eppis so gelabelt eines als up 2 in Tabelle eingetragen (ID 5728),,,,,
Triefenbach,up,2,09/07/18,y,,,,,,
Triefenbach,down,1,09/07/18,y,,,,,,
Triefenbach,down,2,09/07/18,y,,,,,,
Modenbach,up,1,09/07/18,y,,,,,,
Modenbach,up,2,09/07/18,y,,,,,,
Modenbach,down,1,09/07/18,y,,,,,,
Modenbach,down,2,09/07/18,y,,,,,,
Hainbach,up,1,09/07/18,y,,,,,,
Hainbach,up,2,09/07/18,y,,,,,,
Hainbach,down,1,09/07/18,y,,,,,,
Hainbach,down,2,09/07/18,y,,,,,,
Russbach,up,1,12/07/18,y,,,,,,
Russbach,up,2,12/07/18,y,,,,,,
Russbach,down,1,12/07/18,y,,,,,,
Russbach,down,2,12/07/18,y,,,,,,
Otterbach,up,1,12/07/18,y,,,,,,
Otterbach,up,2,12/07/18,y,,,,,,
Otterbach,down,1,12/07/18,y,,,,,,
Otterbach,down,2,12/07/18,y,,,,,,
Dierbach,up,1,12/07/18,y,,,,,,
Dierbach,up,2,12/07/18,y,,,,,,
Dierbach,down,1,12/07/18,y,,,,,,
Dierbach,down,2,12/07/18,y,,,,,,
Klingbach,up,1,12/07/18,y,,,,,,
Klingbach,up,2,12/07/18,y,,,,,,
Klingbach,down,1,12/07/18,y,,,,,,
Klingbach,down,2,12/07/18,y,,,,,,
Kaiserbach,up,1,12/07/18,y,,,,,,
Kaiserbach,up,2,12/07/18,y,,,,,,
Kaiserbach,down,1,12/07/18,y,,,,,,
Kaiserbach,down,2,12/07/18,y,,,,,,
Isenach,up,1,12/07/18,y,,,,,,
Isenach,up,2,12/07/18,y,no emergence,,,,,
Isenach,down,1,12/07/18,y,,,,,,
Isenach,down,2,12/07/18,y,,,,,,
Kropsbach,up,1,12/07/18,y,"keine Proben, weil am 09/07/18 keine neuen Fallen installiert wurden",,,,,
Kropsbach,up,2,12/07/18,y,"keine Proben, weil am 09/07/18 keine neuen Fallen installiert wurden",,,,,
Kropsbach,down,1,12/07/18,y,labelled as Hain down,,,,,
Kropsbach,down,2,12/07/18,y,labelled as Hain down,,,,,
Triefenbach,up,1,12/07/18,y,,,,,,
Triefenbach,up,2,12/07/18,y,,,,,,
Triefenbach,down,1,12/07/18,y,,,,,,
Triefenbach,down,2,12/07/18,y,,,,,,
Modenbach,up,1,12/07/18,y,,,,,,
Modenbach,up,2,12/07/18,y,,,,,,
Modenbach,down,1,12/07/18,y,labelled as Krobs down,,,,,
Modenbach,down,2,12/07/18,y,labelled as Krobs down,,,,,
Hainbach,up,1,12/07/18,y,,,,,,
Hainbach,up,2,12/07/18,y,,,,,,
Hainbach,down,1,12/07/18,y,labelled as Moden down,,,,,
Hainbach,down,2,12/07/18,y,labelled as Moden down,,,,,
Russbach,up,1,16/07/18,y,,,,,,
Russbach,up,2,16/07/18,y,,,,,,
Russbach,down,1,16/07/18,y,,,,,,
Russbach,down,2,16/07/18,y,,,,,,
Otterbach,up,1,16/07/18,y,,,,,,
Otterbach,up,2,16/07/18,y,,,,,,
Dierbach,up,1,16/07/18,y,,,,,,
Dierbach,up,2,16/07/18,y,,,,,,
Dierbach,down,1,16/07/18,y,,,,,,
Dierbach,down,2,16/07/18,y,,,,,,
Klingbach,up,1,16/07/18,y,labelled as Kling up T2?,,,,,
Klingbach,down,1,16/07/18,y,,,,,,
Klingbach,down,2,16/07/18,y,,,,,,
Kaiserbach,up,1,17/07/18,y,,,,,,
Kaiserbach,up,2,17/07/18,y,,,,,,
Kaiserbach,down,1,16/07/18,y,,,,,,
Kaiserbach,down,2,16/07/18,y,,,,,,
Isenach,up,1,17/07/18,y,,,,,,
Isenach,up,2,17/07/18,y,,,,,,
Isenach,down,1,17/07/18,y,,,,,,
Isenach,down,2,17/07/18,y,Eppi geplatzt,,,,,
Kropsbach,up,1,17/07/18,y,keine Zahl hinter up,,,,,
Kropsbach,up,2,17/07/18,y,"keine Proben, weil am 12/07/18 keine neuen Fallen installiert wurden, am 17/07/18 Fallen neu installiert",,,,,
Kropsbach,down,1,17/07/18,y,,,,,,
Kropsbach,down,2,17/07/18,y,,,,,,
Triefenbach,up,1,17/07/18,y,,,,,,
Triefenbach,up,2,17/07/18,y,,,,,,
Triefenbach,down,1,17/07/18,y,,,,,,
Triefenbach,down,2,17/07/18,y,,,,,,
Modenbach,up,1,16/07/18,y,,,,,,
Modenbach,up,2,16/07/18,y,,,,,,
Modenbach,down,1,17/07/18,y,,,,,,
Modenbach,down,2,17/07/18,y,,,,,,
Hainbach,up,1,16/07/18,y,,,,,,
Hainbach,up,2,16/07/18,y,,,,,,
Hainbach,down,1,16/07/18,y,,,,,,
Hainbach,down,2,16/07/18,y,,,,,,
Russbach,up,1,19/07/18,y,,,,,,
Russbach,up,2,19/07/18,y,,,,,,
Russbach,down,1,19/07/18,y,,,,,,
Russbach,down,2,19/07/18,y,,,,,,
Otterbach,up,1,19/07/18,y,,,,,,
Otterbach,up,2,19/07/18,y,,,,,,
Otterbach,down,1,18/07/18,y,,,,,,
Otterbach,down,2,18/07/18,y,,,,,,
Dierbach,up,1,19/07/18,y,,,,,,
Dierbach,up,2,19/07/18,y,,,,,,
Dierbach,down,1,18/07/18,y,,,,,,
Dierbach,down,2,18/07/18,y,,,,,,
Klingbach,up,1,18/07/18,y,,,,,,
Klingbach,up,2,18/07/18,y,,,,,,
Klingbach,down,1,19/07/18,y,,,,,,
Klingbach,down,2,19/07/18,y,,,,,,
Kaiserbach,up,1,19/07/18,y,,,,,,
Kaiserbach,up,2,19/07/18,y,,,,,,
Kaiserbach,down,1,19/07/18,y,,,,,,
Kaiserbach,down,2,19/07/18,y,,,,,,
Isenach,up,1,19/07/18,y,,,,,,
Isenach,up,2,19/07/18,y,,,,,,
Isenach,down,1,19/07/18,y,,,,,,
Isenach,down,2,19/07/18,y,,,,,,
Kropsbach,up,1,19/07/18,y,,,,,,
Kropsbach,up,2,19/07/18,y,,,,,,
Kropsbach,down,1,19/07/18,y,,,,,,
Kropsbach,down,2,19/07/18,y,,,,,,
Triefenbach,up,1,18/07/18,y,,,,,,
Triefenbach,up,2,18/07/18,y,,,,,,
Triefenbach,down,1,18/07/18,y,,,,,,
Triefenbach,down,2,18/07/18,y,,,,,,
Modenbach,up,1,18/07/18,y,,,,,,
Modenbach,up,2,18/07/18,y,,,,,,
Modenbach,down,1,18/07/18,y,no emergence,,,,,
Modenbach,down,2,18/07/18,y,no emergence,,,,,
Hainbach,up,1,18/07/18,y,,,,,,
Hainbach,up,2,18/07/18,y,,,,,,
Hainbach,down,1,18/07/18,y,,,,,,
Hainbach,down,2,18/07/18,y,,,,,,
Russbach,up,1,23/07/18,y,,,,,,
Russbach,up,2,23/07/18,y,,,,,,
Russbach,down,1,23/07/18,y,,,,,,
Russbach,down,2,23/07/18,y,,,,,,
Otterbach,up,1,23/07/18,y,,,,,,
Otterbach,up,2,23/07/18,y,,,,,,
Otterbach,down,1,23/07/18,y,,,,,,
Otterbach,down,2,23/07/18,y,,,,,,
Dierbach,up,1,23/07/18,y,,,,,,
Dierbach,up,2,23/07/18,y,,,,,,
Dierbach,down,1,23/07/18,y,auf label down 2,,,,,
Dierbach,down,2,23/07/18,y,,,,,,
Klingbach,up,1,23/07/18,y,,,,,,
Klingbach,up,2,23/07/18,y,,,,,,
Klingbach,down,1,23/07/18,y,,,,,,
Klingbach,down,2,23/07/18,y,,,,,,
Kaiserbach,up,1,23/07/18,y,,,,,,
Kaiserbach,up,2,23/07/18,y,,,,,,
Kaiserbach,down,1,23/07/18,y,,,,,,
Kaiserbach,down,2,23/07/18,y,,,,,,
Isenach,up,1,23/07/18,y,no emergence,,,,,
Isenach,up,2,23/07/18,y,,,,,,
Isenach,down,1,23/07/18,y,,,,,,
Isenach,down,2,23/07/18,y,,,,,,
Kropsbach,up,1,23/07/18,y,,,,,,
Kropsbach,up,2,23/07/18,y,,,,,,
Triefenbach,up,1,23/07/18,y,,,,,,
Triefenbach,up,2,23/07/18,y,,,,,,
Triefenbach,down,1,23/07/18,y,,,,,,
Triefenbach,down,2,23/07/18,y,,,,,,
Modenbach,up,1,23/07/18,y,,,,,,
Modenbach,up,2,23/07/18,y,,,,,,
Modenbach,down,1,23/07/18,y,,,,,,
Hainbach,up,1,23/07/18,y,,,,,,
Hainbach,up,2,23/07/18,y,,,,,,
Hainbach,down,1,23/07/18,y,,,,,,
Russbach,up,1,26/07/18,y,,,,,,
Russbach,up,2,26/07/18,y,,,,,,
Russbach,down,1,26/07/18,y,Zwei Proben mit diesem Label ID 1566- 1567 bleibt down 1 und ID 1699 - 1702 wird in down 2 geändert,,,,,
Russbach,down,2,26/07/18,y,,,,,,
Otterbach,up,1,26/07/18,y,,,,,,
Otterbach,up,2,26/07/18,y,,,,,,
Otterbach,down,1,26/07/18,y,,,,,,
Otterbach,down,2,26/07/18,y,Monat fehlt im Label,,,,,
Dierbach,up,1,26/07/18,y,,,,,,
Dierbach,up,2,26/07/18,y,,,,,,
Dierbach,down,1,26/07/18,y,,,,,,
Dierbach,down,2,26/07/18,y,,,,,,
Klingbach,up,1,26/07/18,y,Zwei Proben mit diesem Label ID 1497 - 1498 bleibt down 1 und ID 1522 - 1524 wird in down 2 geändert,,,,,
Klingbach,up,2,26/07/18,y,,,,,,
Klingbach,down,1,26/07/18,y,,,,,,
Klingbach,down,2,26/07/18,y,,,,,,
Kaiserbach,up,1,26/07/18,y,,,,,,
Kaiserbach,up,2,26/07/18,y,,,,,,
Kaiserbach,down,1,26/07/18,y,,,,,,
Kaiserbach,down,2,26/07/18,y,könnte auch down 1 sein,,,,,
Isenach,up,1,26/07/18,y,no emergence,,,,,
Isenach,up,2,26/07/18,y,könnte auch 26.02.18 sein,,,,,
Isenach,down,1,26/07/18,y,,,,,,
Isenach,down,2,26/07/18,y,,,,,,
Kropsbach,up,1,26/07/18,y,,,,,,
Kropsbach,up,2,26/07/18,y,,,,,,
Kropsbach,down,1,26/07/18,y,,,,,,
Kropsbach,down,2,26/07/18,y,,,,,,
Triefenbach,up,1,26/07/18,y,,,,,,
Triefenbach,up,2,26/07/18,y,,,,,,
Triefenbach,down,1,26/07/18,y,,,,,,
Triefenbach,down,2,26/07/18,y,,,,,,
Modenbach,up,1,26/07/18,y,,,,,,
Modenbach,up,2,26/07/18,y,,,,,,
Modenbach,down,1,26/07/18,y,,,,,,
Modenbach,down,2,26/07/18,y,,,,,,
Hainbach,up,1,26/07/18,y,,,,,,
Hainbach,up,2,26/07/18,y,,,,,,
Hainbach,down,1,26/07/18,y,,,,,,
Hainbach,down,2,26/07/18,y,,,,,,
Russbach,up,1,30/07/18,y,,,,,,
Russbach,up,2,30/07/18,y,,,,,,
Russbach,down,1,30/07/18,y,,,,,,
Russbach,down,2,30/07/18,y,,,,,,
Otterbach,up,1,30/07/18,y,,,,,,
Otterbach,up,2,30/07/18,y,,,,,,
Otterbach,down,1,30/07/18,y,,,,,,
Otterbach,down,2,30/07/18,y,,,,,,
Dierbach,up,1,30/07/18,y,,,,,,
Dierbach,up,2,30/07/18,y,,,,,,
Dierbach,down,1,30/07/18,y,,,,,,
Dierbach,down,2,30/07/18,y,,,,,,
Klingbach,up,1,30/07/18,y,,,,,,
Klingbach,up,2,30/07/18,y,,,,,,
Klingbach,down,1,30/07/18,y,,,,,,
Klingbach,down,2,30/07/18,y,,,,,,
Kaiserbach,up,1,30/07/18,y,,,,,,
Kaiserbach,up,2,30/07/18,y,,,,,,
Kaiserbach,down,1,30/07/18,y,,,,,,
Kaiserbach,down,2,30/07/18,y,,,,,,
Isenach,up,1,31/07/18,y,,,,,,
Isenach,up,2,31/07/18,y,,,,,,
Isenach,down,1,31/07/18,y,,,,,,
Isenach,down,2,31/07/18,y,,,,,,
Kropsbach,up,1,30/07/18,y,,,,,,
Kropsbach,up,2,30/07/18,y,,,,,,
Kropsbach,down,1,30/07/18,y,,,,,,
Kropsbach,down,2,30/07/18,y,,,,,,
Triefenbach,up,1,30/07/18,y,zwei Proben mit diesem Label ID 1376 - 1377 bleibt up 1; ID 1680 - 1683 wird in up 2 geändert,,zweite Probe mit dieser Beschriftung ID ,,,
Triefenbach,up,2,30/07/18,y,,,,,,
Triefenbach,down,1,30/07/18,y,,,,,,
Triefenbach,down,2,30/07/18,y,,,,,,
Modenbach,up,1,30/07/18,y,,,,,,
Modenbach,up,2,30/07/18,y,,,,,,
Modenbach,down,1,30/07/18,y,,,,,,
Modenbach,down,2,30/07/18,y,,,,,,
Hainbach,up,1,30/07/18,y,,,,,,
Hainbach,up,2,30/07/18,y,,,,,,
Hainbach,down,1,30/07/18,y,,,,,,
Hainbach,down,2,30/07/18,y,,,,,,
Russbach,up,1,01/08/18,y,,,,,,
Russbach,up,2,01/08/18,y,,,,,,
Russbach,down,1,01/08/18,y,,,,,,
Russbach,down,2,01/08/18,y,,,,,,
Otterbach,up,1,01/08/18,y,,,,,,
Otterbach,up,2,01/08/18,y,,,,,,
Otterbach,down,1,01/08/18,y,,,,,,
Otterbach,down,2,01/08/18,y,y,,,,,
Dierbach,up,1,01/08/18,y,2 Gefäße für gleiche Gruppe (Chironomidae),,,,,
Dierbach,up,2,01/08/18,y,,,,,,
Dierbach,down,1,01/08/18,y,,,,,,
Dierbach,down,2,01/08/18,,,,,,,
Klingbach,up,1,01/08/18,y,,,,,,
Klingbach,up,2,01/08/18,y,,,,,,
Klingbach,down,1,01/08/18,y,,,,,,
Klingbach,down,2,01/08/18,y,,,,,,
Kaiserbach,up,1,01/08/18,y,,,,,,
Kaiserbach,up,2,01/08/18,y,,,,,,
Kaiserbach,down,1,01/08/18,y,,,,,,
Kaiserbach,down,2,01/08/18,y,,,,,,
Isenach,up,1,02/08/18,y,,,,,,
Isenach,up,2,02/08/18,y,2.1,y,drüber gemschiert,,,
Isenach,down,1,02/08/18,y,11,y,1.2,,,
Isenach,down,2,02/08/18,y,,,,,,
Kropsbach,up,1,01/08/18,y,,,,,,
Kropsbach,up,2,01/08/18,y,,,,,,
Kropsbach,down,1,01/08/18,y,,,,,,
Kropsbach,down,2,01/08/18,y,,,,,,
Triefenbach,up,1,01/08/18,y,,,,,,
Triefenbach,up,2,01/08/18,y,,,,,,
Triefenbach,down,1,01/08/18,y,Zwei Proben mit Label ID 1259 - 1260 bleibt down 1 und ID 1301 wird in Tabelle in down 2 geändert,,,,,
Triefenbach,down,2,01/08/18,y,,,,,,
Modenbach,up,1,01/08/18,y,Probe gibt es 2mal,,,,,
Modenbach,up,2,01/08/18,y,"eine Probe in Stickstoff verloren, gelabelt mit Moden up A 01/08/18 KF; wahrscheinlich up 2",,,,,
Modenbach,down,1,01/08/18,y,,,,,,
Modenbach,down,2,01/08/18,y,,,,,,
Hainbach,up,1,01/08/18,y,,,,,,
Hainbach,up,2,01/08/18,y,,,,,,
Hainbach,down,1,01/08/18,y,,,,,,
Hainbach,down,2,01/08/18,y,,,,,,
Russbach,up,1,06/08/18,y,,,,,,
Russbach,up,2,06/08/18,y,,,,,,
Russbach,down,1,06/08/18,y,,,,,,
Russbach,down,2,06/08/18,y,,,,,,
Otterbach,up,1,06/08/18,y,,,,,,
Otterbach,up,2,06/08/18,y,,,,,,
Otterbach,down,1,06/08/18,y,,,,,,
Otterbach,down,2,06/08/18,y,,,,,,
Dierbach,up,1,06/08/18,y,,,,,,
Dierbach,up,2,06/08/18,y,,,,,,
Dierbach,down,1,06/08/18,y,,,,,,
Dierbach,down,2,06/08/18,y,,,,,,
Klingbach,up,1,06/08/18,y,,,,,,
Klingbach,up,2,06/08/18,y,,,,,,
Klingbach,down,1,06/08/18,y,,,,,,
Klingbach,down,2,06/08/18,y,,,,,,
Kaiserbach,up,1,06/08/18,y,,,,,,
Kaiserbach,up,2,06/08/18,y,,,,,,
Kaiserbach,down,1,06/08/18,y,,,,,,
Kaiserbach,down,2,06/08/18,y,,,,,,
Isenach,up,1,06/08/18,y,"Zwei Proben so gelabelt, ID 1218 - 1220 bleibt up 1, ID 1074 wird in Tabelle in up 2 geändert",,,,,
Isenach,up,2,06/08/18,y,,,,,,
Isenach,down,1,06/08/18,y,,,,,,
Isenach,down,2,06/08/18,y,"2 Proben so gelabelt ID 1167 - 1172 bleibt down 2, ID 1193 - 1197 in down 1 geändert",,,,,
Kropsbach,up,1,06/08/18,y,,,,,,
Kropsbach,up,2,06/08/18,y,ETHANOL,,,,,
Kropsbach,down,1,06/08/18,y,,,,,,
Kropsbach,down,2,06/08/18,y,,,,,,
Triefenbach,up,1,06/08/18,y,,,,,,
Triefenbach,up,2,06/08/18,y,,,,,,
Triefenbach,down,1,06/08/18,y,,,,,,
Triefenbach,down,2,06/08/18,y,,,,,,
Modenbach,up,1,06/08/18,y,,,,,,
Modenbach,up,2,06/08/18,y,,,,,,
Modenbach,down,1,06/08/18,y,,,,,,
Modenbach,down,2,06/08/18,y,,,,,,
Hainbach,up,1,06/08/18,y,,,,,,
Hainbach,up,2,06/08/18,y,,,,,,
Hainbach,down,1,06/08/18,y,,,,,,
Hainbach,down,2,06/08/18,y,"2 Proben als down 2 gelabelt, ID 1054; 1064-1065 bleibt down 2, ID 1071 - 1072 zu down 1 in Tabelle geändert",,,,,
Russbach,up,1,09/08/18,y,,,,,,
Russbach,up,2,09/08/18,y,,,,,,
Russbach,down,1,09/08/18,y,,,,,,
Russbach,down,2,09/08/18,y,,,,,,
Otterbach,up,1,09/08/18,y,,,,,,
Otterbach,up,2,09/08/18,y,,,,,,
Otterbach,down,1,09/08/18,y,,,,,,
Otterbach,down,2,09/08/18,y,,,,,,
Dierbach,up,1,09/08/18,y,,,,,,
Dierbach,up,2,09/08/18,y,,,,,,
Dierbach,down,1,09/08/18,y,,,,,,
Dierbach,down,2,09/08/18,y,,,,,,
Klingbach,up,1,09/08/18,y,labelled as Kaiser up 1,,,,,
Klingbach,up,2,09/08/18,y,,,,,,
Klingbach,down,1,09/08/18,y,,,,,,
Klingbach,down,2,09/08/18,y,,,,,,
Kaiserbach,up,1,09/08/18,y,labelled as Kling up 1,,,,,
Kaiserbach,up,2,09/08/18,y,,,,,,
Kaiserbach,down,1,09/08/18,y,,,,,,
Kaiserbach,down,2,09/08/18,y,,,,,,
Isenach,up,1,09/08/18,y,,,,,,
Isenach,up,2,09/08/18,y,,,,,,
Isenach,down,1,09/08/18,y,,,,,,
Isenach,down,2,09/08/18,y,,,,,,
Kropsbach,up,1,09/08/18,y,,,,,,
Kropsbach,up,2,09/08/18,y,,,,,,
Kropsbach,down,1,09/08/18,y,,,,,,
Kropsbach,down,2,09/08/18,y,,,,,,
Triefenbach,up,1,09/08/18,y,,,,,,
Triefenbach,up,2,09/08/18,y,,,,,,
Triefenbach,down,1,09/08/18,y,,,,,,
Triefenbach,down,2,09/08/18,y,,,,,,
Modenbach,up,1,09/08/18,y,,,,,,
Modenbach,up,2,09/08/18,y,,,,,,
Modenbach,down,1,09/08/18,y,,,,,,
Modenbach,down,2,09/08/18,y,,,,,,
Hainbach,up,1,09/08/18,y,,,,,,
Hainbach,up,2,09/08/18,y,,,,,,
Hainbach,down,1,09/08/18,y,,,,,,
Hainbach,down,2,09/08/18,y,,,,,,
Russbach,up,1,13/08/18,y,,,,,,
Russbach,up,2,13/08/18,y,,,,,,
Russbach,down,1,13/08/18,y,,,,,,
Russbach,down,2,13/08/18,y,site schwer lesbar,,,,,
Otterbach,up,1,13/08/18,y,,,,,,
Otterbach,up,2,13/08/18,y,,,,,,
Otterbach,down,1,13/08/18,y,,,,,,
Otterbach,down,2,13/08/18,y,,,,,,
Dierbach,up,1,13/08/18,y,,,,,,
Dierbach,up,2,13/08/18,y,,,,,,
Dierbach,down,1,13/08/18,y,,,,,,
Dierbach,down,2,13/08/18,y,,,,,,
Klingbach,up,1,13/08/18,y,,,,,,
Klingbach,up,2,13/08/18,y,,,,,,
Klingbach,down,1,13/08/18,y,,,,,,
Klingbach,down,2,13/08/18,y,,,,,,
Kaiserbach,up,1,13/08/18,y,,,,,,
Kaiserbach,up,2,13/08/18,y,,,,,,
Kaiserbach,down,1,13/08/18,y,"Zwei Proben mit diesem Label, ID 1810 bleibt down 1, ID 1844-1845 in down 2",,,,,
Kaiserbach,down,2,13/08/18,y,,,,,,
Isenach,up,1,13/08/18,y,,,,,,
Isenach,up,2,13/08/18,y,,,,,,
Isenach,down,1,13/08/18,y,,,,,,
Isenach,down,2,13/08/18,y,,,,,,
Kropsbach,up,1,13/08/18,y,,,,,,
Kropsbach,up,2,13/08/18,y,,,,,,
Kropsbach,down,1,13/08/18,y,,,,,,
Kropsbach,down,2,13/08/18,y,,,,,,
Triefenbach,up,1,13/08/18,y,,,,,,
Triefenbach,up,2,13/08/18,y,,,,,,
Triefenbach,down,1,13/08/18,y,,,,,,
Triefenbach,down,2,13/08/18,y,,,,,,
Modenbach,up,1,13/08/18,y,,,,,,
Modenbach,up,2,13/08/18,y,,,,,,
Modenbach,down,1,13/08/18,y,,,,,,
Modenbach,down,2,13/08/18,y,,,,,,
Hainbach,up,1,13/08/18,y,,,,,,
Hainbach,up,2,13/08/18,y,,,,,,
Russbach,up,1,16/08/18,y,,,,,,
Russbach,up,2,16/08/18,y,,,,,,
Russbach,down,1,16/08/18,y,,,,,,
Russbach,down,2,16/08/18,y,,,,,,
Otterbach,up,1,16/08/18,y,,,,,,
Otterbach,up,2,16/08/18,y,,,,,,
Otterbach,down,1,16/08/18,y,,,,,,
Otterbach,down,2,16/08/18,y,,,,,,
Dierbach,up,1,16/08/18,y,,,,,,
Dierbach,up,2,16/08/18,y,,,,,,
Dierbach,down,1,16/08/18,y,,,,,,
Dierbach,down,2,16/08/18,y,,,,,,
Klingbach,up,1,16/08/18,y,,,,,,
Klingbach,up,2,16/08/18,y,,,,,,
Klingbach,down,1,16/08/18,y,,,,,,
Klingbach,down,2,16/08/18,y,,,,,,
Kaiserbach,up,1,16/08/18,y,,,,,,
Kaiserbach,up,2,16/08/18,y,,,,,,
Kaiserbach,down,1,16/08/18,y,,,,,,
Kaiserbach,down,2,16/08/18,y,,,,,,
Isenach,up,1,16/08/18,y,labelled as Kropsbach down 1,,,,,
Isenach,up,2,16/08/18,y,,,,,,
Isenach,down,1,16/08/18,y,,,,,,
Isenach,down,2,16/08/18,y,,,,,,
Kropsbach,up,1,16/08/18,y,,,,,,
Kropsbach,up,2,16/08/18,y,,,,,,
Kropsbach,down,1,16/08/18,y,labelled as Isenach up 1,,,,,
Kropsbach,down,2,16/08/18,y,,,,,,
Triefenbach,up,1,16/08/18,y,,,,,,
Triefenbach,up,2,16/08/18,y,,,,,,
Triefenbach,down,1,16/08/18,y,,,,,,
Triefenbach,down,2,16/08/18,y,,,,,,
Modenbach,up,1,16/08/18,y,,,,,,
Modenbach,up,2,16/08/18,y,,,,,,
Modenbach,down,1,16/08/18,y,,,,,,
Modenbach,down,2,16/08/18,y,,,,,,
Hainbach,up,1,16/08/18,y,,,,,,
Hainbach,up,2,16/08/18,y,,,,,,
Hainbach,down,1,16/08/18,y,,,,,,
Hainbach,down,2,16/08/18,y,,,,,,
Russbach,up,1,20/08/18,y,,,,,,
Russbach,up,2,20/08/18,y,,,,,,
Russbach,down,1,20/08/18,y,,,,,,
Russbach,down,2,20/08/18,y,,,,,,
Otterbach,up,1,20/08/18,y,,,,,,
Otterbach,up,2,20/08/18,y,,,,,,
Dierbach,up,1,20/08/18,y,,,,,,
Dierbach,up,2,20/08/18,y,,,,,,
Dierbach,down,1,20/08/18,y,,,,,,
Dierbach,down,2,20/08/18,y,,,,,,
Klingbach,up,1,20/08/18,y,,,,,,
Klingbach,down,1,20/08/18,y,,,,,,
Klingbach,down,2,20/08/18,y,,,,,,
Kaiserbach,up,1,20/08/18,y,,,,,,
Kaiserbach,up,2,20/08/18,y,,,,,,
Isenach,up,1,21/08/18,y,,,,,,
Isenach,up,2,21/08/18,y,,,,,,
Isenach,down,1,21/08/18,y,,,,,,
Isenach,down,2,21/08/18,y,,,,,,
Kropsbach,up,1,20/08/18,y,,,,,,
Kropsbach,up,2,20/08/18,y,,,,,,
Kropsbach,down,1,20/08/18,y,,,,,,
Kropsbach,down,2,20/08/18,y,,,,,,
Triefenbach,up,1,20/08/18,y,,,,,,
Triefenbach,up,2,20/08/18,y,,,,,,
Triefenbach,down,1,20/08/18,y,,,,,,
Triefenbach,down,2,20/08/18,y,,,,,,
Modenbach,up,1,20/08/18,y,,,,,,
Modenbach,up,2,20/08/18,y,,,,,,
Modenbach,down,1,20/08/18,y,,,,,,
Modenbach,down,2,20/08/18,y,no emergence,,,,,
Hainbach,up,1,20/08/18,y,,,,,,
Hainbach,up,2,20/08/18,y,,,,,,
Hainbach,down,1,20/08/18,y,,,,,,
Russbach,up,1,22/08/18,y,,,,,,
Russbach,up,2,22/08/18,y,,,,,,
Russbach,down,1,22/08/18,y,,,,,,
Russbach,down,2,22/08/18,y,,,,,,
Otterbach,up,1,22/08/18,y,,,,,,
Otterbach,up,2,22/08/18,y,,,,,,
Otterbach,down,1,22/08/18,y,,,,,,
Otterbach,down,2,22/08/18,y,,,,,,
Dierbach,up,1,22/08/18,y,,,,,,
Dierbach,up,2,22/08/18,y,,,,,,
Dierbach,down,1,22/08/18,y,,,,,,
Dierbach,down,2,22/08/18,y,,,,,,
Klingbach,up,1,22/08/18,y,,,,,,
Klingbach,up,2,22/08/18,y,,,,,,
Klingbach,down,1,22/08/18,,missing sample,,,,,
Klingbach,down,2,22/08/18,y,,,,,,
Kaiserbach,up,1,22/08/18,y,,,,,,
Kaiserbach,up,2,22/08/18,y,,,,,,
Kaiserbach,down,1,22/08/18,y,,,,,,
Kaiserbach,down,2,22/08/18,y,,,,,,
Isenach,up,1,24/08/18,y,,,,,,
Isenach,up,2,24/08/18,y,,,,,,
Isenach,down,1,24/08/18,y,,,,,,
Isenach,down,2,24/08/18,y,,,,,,
Kropsbach,up,1,22/08/18,y,,,,,,
Kropsbach,up,2,22/08/18,y,,,,,,
Kropsbach,down,1,22/08/18,y,,,,,,
Kropsbach,down,2,22/08/18,y,,,,,,
Triefenbach,up,1,22/08/18,y,,,,,,
Triefenbach,up,2,22/08/18,y,,,,,,
Triefenbach,down,1,22/08/18,y,,,,,,
Triefenbach,down,2,22/08/18,y,,,,,,
Modenbach,up,1,22/08/18,y,,,,,,
Modenbach,up,2,22/08/18,y,,,,,,
Modenbach,down,1,22/08/18,y,,,,,,
Modenbach,down,2,22/08/18,y,2 Proben mit diesem Label ID 4037 - 4038 bleibt down 2; ID 4059 wird in down 1 geändert,,,,,
Hainbach,down,1,22/08/18,y,,,,,,
Hainbach,down,2,22/08/18,y,,,,,,
Russbach,up,1,27/08/18,y,,,,,,
Russbach,up,2,27/08/18,y,,,,,,
Russbach,down,1,27/08/18,y,,,,,,
Russbach,down,2,27/08/18,y,,,,,,
Otterbach,up,1,27/08/18,y,,,,,,
Otterbach,up,2,27/08/18,y,,,,,,
Otterbach,down,1,27/08/18,y,,,,,,
Otterbach,down,2,27/08/18,y,,,,,,
Dierbach,up,1,27/08/18,y,,,,,,
Dierbach,up,2,27/08/18,y,,,,,,
Dierbach,down,1,27/08/18,y,,,,,,
Dierbach,down,2,27/08/18,y,,,,,,
Klingbach,up,1,27/08/18,y,,,,,,
Klingbach,up,2,27/08/18,y,,,,,,
Klingbach,down,1,27/08/18,y,,,,,,
Klingbach,down,2,27/08/18,y,,,,,,
Kaiserbach,up,1,27/08/18,y,,,,,,
Kaiserbach,up,2,27/08/18,y,,,,,,
Kaiserbach,down,1,27/08/18,y,,,,,,
Kaiserbach,down,2,27/08/18,y,,,,,,
Isenach,up,1,28/08/18,y,,,,,,
Isenach,up,2,28/08/18,y,no emergence,,,,,
Isenach,down,1,28/08/18,y,,,,,,
Isenach,down,2,28/08/18,y,,,,,,
Kropsbach,up,1,27/08/18,y,,,,,,
Kropsbach,up,2,27/08/18,y,,,,,,
Kropsbach,down,1,27/08/18,y,,,,,,
Kropsbach,down,2,27/08/18,y,,,,,,
Triefenbach,up,1,27/08/18,y,,,,,,
Triefenbach,up,2,27/08/18,y,,,,,,
Triefenbach,down,1,27/08/18,y,,,,,,
Triefenbach,down,2,27/08/18,y,,,,,,
Modenbach,up,1,27/08/18,y,zwei Label mit up 1 eines dann in Tabelle in up 2 geändert,,,,,
Modenbach,up,2,27/08/18,y,,,,,,
Modenbach,down,1,27/08/18,y,,,,,,
Modenbach,down,2,27/08/18,y,Falle umgefallen und keine Emergenz sammelbar,,,,,
Hainbach,up,1,27/08/18,y,,,,,,
Hainbach,up,2,27/08/18,y,Falle umgefallen und keine Emergenz sammelbar,,,,,
Hainbach,down,1,27/08/18,y,Falle umgefallen und keine Emergenz sammelbar,,,,,
Hainbach,down,2,27/08/18,y,Falle umgefallen und keine Emergenz sammelbar,,,,,
Russbach,up,1,30/08/18,y,,,,,,
Russbach,up,2,30/08/18,y,,,,,,
Russbach,down,1,30/08/18,y,,,,,,
Russbach,down,2,30/08/18,y,,,,,,
Otterbach,up,1,30/08/18,y,,,,,,
Otterbach,up,2,30/08/18,y,,,,,,
Otterbach,down,1,30/08/18,y,,,,,,
Otterbach,down,2,30/08/18,y,,,,,,
Dierbach,up,1,30/08/18,y,,,,,,
Dierbach,up,2,30/08/18,y,,,,,,
Dierbach,down,1,30/08/18,y,,,,,,
Dierbach,down,2,30/08/18,y,,,,,,
Klingbach,up,1,30/08/18,y,,,,,,
Klingbach,up,2,30/08/18,y,,,,,,
Klingbach,down,1,30/08/18,y,,,,,,
Klingbach,down,2,30/08/18,y,,,,,,
Kaiserbach,up,1,30/08/18,y,,,,,,
Kaiserbach,up,2,30/08/18,y,,,,,,
Kaiserbach,down,1,30/08/18,y,,,,,,
Kaiserbach,down,2,30/08/18,y,,,,,,
Isenach,up,1,30/08/18,y,,,,,,
Isenach,up,2,30/08/18,y,no emergence,,,,,
Isenach,down,1,30/08/18,y,,,,,,
Isenach,down,2,30/08/18,y,,,,,,
Kropsbach,up,1,30/08/18,y,,,,,,
Kropsbach,up,2,30/08/18,y,,,,,,
Kropsbach,down,1,30/08/18,y,,,,,,
Kropsbach,down,2,30/08/18,y,,,,,,
Triefenbach,up,1,30/08/18,y,,,,,,
Triefenbach,up,2,30/08/18,y,,,,,,
Triefenbach,down,1,30/08/18,y,,,,,,
Triefenbach,down,2,30/08/18,y,,,,,,
Modenbach,up,1,30/08/18,y,,,,,,
Modenbach,up,2,30/08/18,y,,,,,,
Modenbach,down,1,30/08/18,y,,,,,,
Modenbach,down,2,30/08/18,y,,,,,,
Hainbach,up,1,30/08/18,y,,,,,,
Hainbach,up,2,30/08/18,y,,,,,,
Hainbach,down,1,30/08/18,y,,,,,,
Russbach,up,1,03/09/18,y,,,,,,
Russbach,up,2,03/09/18,y,,,,,,
Russbach,down,1,03/09/18,y,,,,,,
Russbach,down,2,03/09/18,y,,,,,,
Otterbach,up,1,03/09/18,y,,,,,,
Otterbach,up,2,03/09/18,y,,,,,,
Otterbach,down,1,03/09/18,y,,,,,,
Otterbach,down,2,03/09/18,y,,,,,,
Dierbach,up,1,03/09/18,y,,,,,,
Dierbach,up,2,03/09/18,y,,,,,,
Dierbach,down,1,03/09/18,y,,,,,,
Dierbach,down,2,03/09/18,y,,,,,,
Klingbach,up,1,03/09/18,y,,,,,,
Klingbach,up,2,03/09/18,y,,,,,,
Kaiserbach,up,1,03/09/18,y,,,,,,
Kaiserbach,up,2,03/09/18,y,,,,,,
Kaiserbach,down,1,03/09/18,y,,,,,,
Kaiserbach,down,2,03/09/18,y,,,,,,
Isenach,up,1,04/09/18,y,,,,,,
Isenach,up,2,04/09/18,y,no emergence,,,,,
Isenach,down,1,04/09/18,y,,,,,,
Isenach,down,2,04/09/18,y,,,,,,
Kropsbach,up,1,04/09/18,y,,,,,,
Kropsbach,up,2,04/09/18,y,,,,,,
Kropsbach,down,1,04/09/18,y,,,,,,
Kropsbach,down,2,04/09/18,y,,,,,,
Triefenbach,up,1,04/09/18,y,,,,,,
Triefenbach,up,2,04/09/18,y,,,,,,
Triefenbach,down,1,04/09/18,y,,,,,,
Triefenbach,down,2,04/09/18,y,,,,,,
Modenbach,up,1,04/09/18,y,,,,,,
Modenbach,up,2,04/09/18,y,,,,,,
Modenbach,down,1,04/09/18,y,,,,,,
Modenbach,down,2,04/09/18,y,,,,,,
Hainbach,up,1,04/09/18,y,,,,,,
Hainbach,up,2,04/09/18,y,,,,,,
Hainbach,down,1,04/09/18,y,,,,,,
Russbach,up,1,06/09/18,y,,,,,,
Russbach,up,2,06/09/18,y,,,,,,
Russbach,down,1,06/09/18,y,,,,,,
Russbach,down,2,06/09/18,y,,,,,,
Otterbach,up,1,06/09/18,y,,,,,,
Otterbach,up,2,06/09/18,y,,,,,,
Otterbach,down,1,06/09/18,y,,,,,,
Otterbach,down,2,06/09/18,y,,,,,,
Dierbach,up,1,06/09/18,y,,,,,,
Dierbach,up,2,06/09/18,y,,,,,,
Dierbach,down,1,06/09/18,y,,,,,,
Dierbach,down,2,06/09/18,y,,,,,,
Klingbach,up,1,06/09/18,y,,,,,,
Klingbach,up,2,06/09/18,y,,,,,,
Klingbach,down,1,06/09/18,y,,,,,,
Klingbach,down,2,06/09/18,y,,,,,,
Kaiserbach,up,1,06/09/18,y,,,,,,
Kaiserbach,up,2,06/09/18,y,,,,,,
Kaiserbach,down,1,06/09/18,y,,,,,,
Kaiserbach,down,2,06/09/18,y,,,,,,
Isenach,up,1,06/09/18,y,,,,,,
Isenach,up,2,06/09/18,y,no emergence,,,,,
Isenach,down,1,06/09/18,y,no emergence,,,,,
Isenach,down,2,06/09/18,y,,,,,,
Kropsbach,up,1,06/09/18,y,,,,,,
Kropsbach,up,2,06/09/18,y,,,,,,
Kropsbach,down,1,06/09/18,y,,,,,,
Kropsbach,down,2,06/09/18,y,,,,,,
Triefenbach,up,1,06/09/18,y,,,,,,
Triefenbach,up,2,06/09/18,y,,,,,,
Triefenbach,down,1,06/09/18,y,,,,,,
Triefenbach,down,2,06/09/18,y,,,,,,
Modenbach,up,1,06/09/18,y,,,,,,
Modenbach,up,2,06/09/18,y,,,,,,
Modenbach,down,1,06/09/18,y,,,,,,
Modenbach,down,2,06/09/18,y,,,,,,
Hainbach,up,1,06/09/18,y,,,,,,
Hainbach,up,2,06/09/18,y,,,,,,
Hainbach,down,1,06/09/18,y,,,,,,
Russbach,up,1,10/09/18,y,labelled as Russ down,,,,,
Russbach,up,2,10/09/18,y,labelled as Russ down,,,,,
Russbach,down,1,10/09/18,y,labelled as Russ up,,,,,
Russbach,down,2,10/09/18,,labelled as Russ up; missing sample,,,,,
Otterbach,up,1,10/09/18,y,,,,,,
Otterbach,up,2,10/09/18,y,,,,,,
Otterbach,down,1,10/09/18,y,,,,,,
Otterbach,down,2,10/09/18,y,,,,,,
Dierbach,up,1,10/09/18,y,,,,,,
Dierbach,up,2,10/09/18,y,zweite Probe mit Label Dier up T2 10/09/18,,,,,
Dierbach,down,1,10/09/18,y,,,,,,
Dierbach,down,2,10/09/18,y,,,,,,
Klingbach,up,1,10/09/18,y,labelled KlingbachupT110/09/18,,,,,
Klingbach,up,2,10/09/18,y,,,,,,
Klingbach,down,1,10/09/18,y,,,,,,
Klingbach,down,2,10/09/18,y,,,,,,
Kaiserbach,up,1,10/09/18,y,"2 Proben eine andere Probe falsch als y gekennzeichnet (bzw. nicht, weil diese 2 mal y)",,,,,
Kaiserbach,up,2,10/09/18,y,"2 Proben eine andere Probe falsch als y gekennzeichnet (bzw. nicht, weil diese 2 mal y)",,,,,
Kaiserbach,down,1,10/09/18,y,,,,,,
Kaiserbach,down,2,10/09/18,y,,,,,,
Isenach,up,1,11/09/18,y,,,,,,
Isenach,up,2,11/09/18,y,no emergence,,,,,
Isenach,down,1,11/09/18,y,,,,,,
Isenach,down,2,11/09/18,y,,,,,,
Kropsbach,up,1,11/09/18,y,,,,,,
Kropsbach,up,2,11/09/18,y,,,,,,
Kropsbach,down,1,11/09/18,y,,,,,,
Kropsbach,down,2,11/09/18,y,,,,,,
Triefenbach,up,1,11/09/18,y,,,,,,
Triefenbach,up,2,11/09/18,y,,,,,,
Triefenbach,down,1,11/09/18,y,,,,,,
Triefenbach,down,2,11/09/18,y,,,,,,
Modenbach,up,1,11/09/18,y,,,,,,
Modenbach,up,2,11/09/18,y,,,,,,
Modenbach,down,1,11/09/18,y,,,,,,
Modenbach,down,2,11/09/18,y,,,,,,
Hainbach,up,1,11/09/18,y,,,,,,
Hainbach,up,2,11/09/18,y,,,,,,
Hainbach,down,1,11/09/18,y,,,,,,
Russbach,up,1,12/09/18,y,,,,,,
Russbach,up,2,12/09/18,y,,,,,,
Russbach,down,1,12/09/18,y,,,,,,
Russbach,down,2,12/09/18,y,,,,,,
Otterbach,up,1,12/09/18,y,,,,,,
Otterbach,up,2,12/09/18,y,,,,,,
Otterbach,down,1,12/09/18,y,,,,,,
Otterbach,down,2,12/09/18,y,,,,,,
Dierbach,up,1,12/09/18,y,,,,,,
Dierbach,up,2,12/09/18,y,,,,,,
Dierbach,down,1,12/09/18,y,,,,,,
Dierbach,down,2,12/09/18,y,,,,,,
Klingbach,up,1,12/09/18,y,,,,,,
Klingbach,up,2,12/09/18,y,,,,,,
Klingbach,down,1,12/09/18,y,,,,,,
Klingbach,down,2,12/09/18,y,,,,,,
Kaiserbach,up,1,12/09/18,y,,,,,,
Kaiserbach,up,2,12/09/18,y,,,,,,
Kaiserbach,down,1,12/09/18,y,,,,,,
Kaiserbach,down,2,12/09/18,y,,,,,,
Isenach,up,1,13/09/18,y,,,,,,
Isenach,up,2,13/09/18,y,,,,,,
Isenach,down,1,13/09/18,y,,,,,,
Isenach,down,2,13/09/18,y,,,,,,
Kropsbach,up,1,13/09/18,y,,,,,,
Kropsbach,up,2,13/09/18,y,,,,,,
Kropsbach,down,1,13/09/18,y,,,,,,
Kropsbach,down,2,13/09/18,y,,,,,,
Triefenbach,up,1,13/09/18,y,,,,,,
Triefenbach,up,2,13/09/18,y,lost below freezer and found month later again,,,,,
Triefenbach,down,1,13/09/18,y,,,,,,
Triefenbach,down,2,13/09/18,y,,,,,,
Modenbach,up,1,13/09/18,y,,,,,,
Modenbach,up,2,13/09/18,y,,,,,,
Modenbach,down,1,13/09/18,y,,,,,,
Modenbach,down,2,13/09/18,y,,,,,,
Hainbach,up,1,13/09/18,y,,,,,,
Hainbach,up,2,13/09/18,y,keine zweite Falle in Bach,,,,,
Hainbach,down,1,13/09/18,y,,,,,,
3,,,,y,"keine Ahnung welche site und Zeitpunkt, wahrscheinlich 16/08/18",,,,,
